1 0.103125 0.603125 0.0578125 0.134375
1 0.20234375 0.659375 0.0609375 0.125
1 0.225 0.3265625 0.05625 0.109375
1 0.325 0.3453125 0.040625 0.084375
1 0.38515625 0.45859375 0.059375 0.1203125
1 0.40546875 0.925 0.0609375 0.15
1 0.5546875 0.35703125 0.0421875 0.0953125
1 0.58984375 0.33046875 0.046875 0.096875
1 0.6578125 0.18203125 0.0359375 0.1
1 0.70390625 0.20703125 0.0359375 0.090625
1 0.81015625 0.1921875 0.0375 0.090625
1 0.77734375 0.50546875 0.0453125 0.1234375
0 0.284375 0.40390625 0.01875 0.0359375