1 0.796875 0.59609375 0.0234375 0.13203125
1 0.484375 0.5125 0.04453125 0.0875
1 0.3296875 0.50703125 0.059375 0.10078125
1 0.23984375 0.328125 0.03203125 0.0875
1 0.365625 0.39140625 0.03984375 0.096875
1 0.0390625 0.43671875 0.0234375 0.1171875
1 0.32578125 0.259375 0.02578125 0.08046875
1 0.4015625 0.2625 0.02734375 0.0953125
1 0.5015625 0.24921875 0.03671875 0.07890625
1 0.60625 0.30625 0.02734375 0.09375
1 0.6625 0.31484375 0.02421875 0.09140625
1 0.66484375 0.41015625 0.02890625 0.09375
1 0.7671875 0.221875 0.02109375 0.08203125
1 0.7953125 0.2546875 0.02265625 0.0828125
1 0.775 0.3328125 0.025 0.09765625
1 0.821875 0.36953125 0.0234375 0.1
1 0.88203125 0.5453125 0.02578125 0.12421875