1 0.35546875 0.86015625 0.0734375 0.1546875
1 0.36484375 0.63203125 0.059375 0.1265625
1 0.303125 0.5515625 0.053125 0.11875
1 0.16171875 0.47734375 0.053125 0.1078125
1 0.20625 0.48515625 0.046875 0.1109375
1 0.41640625 0.5265625 0.06875 0.1109375
1 0.26171875 0.378125 0.04375 0.096875
1 0.4015625 0.3875 0.05 0.1046875
1 0.21015625 0.2921875 0.0453125 0.09375
1 0.35625 0.2625 0.0484375 0.096875
1 0.4578125 0.3609375 0.05 0.0859375
1 0.66171875 0.4296875 0.0515625 0.1171875
1 0.94453125 0.56953125 0.05625 0.128125
1 0.56953125 0.425 0.0546875 0.1125
0 0.27265625 0.571875 0.021875 0.034375