1 0.15390625 0.75625 0.0390625 0.1421875
1 0.18125 0.4765625 0.03359375 0.12890625
1 0.26953125 0.3921875 0.02734375 0.1140625
1 0.0515625 0.29609375 0.0359375 0.11953125
1 0.05703125 0.8171875 0.034375 0.15546875
1 0.35546875 0.17734375 0.02421875 0.09765625
1 0.39921875 0.340625 0.02421875 0.1
1 0.59375 0.2296875 0.03515625 0.09140625
1 0.68828125 0.2625 0.03046875 0.08984375
1 0.57109375 0.36328125 0.03671875 0.07421875
1 0.63671875 0.48125 0.03359375 0.1125
1 0.58828125 0.6171875 0.03671875 0.1140625
1 0.640625 0.321875 0.03046875 0.08203125
1 0.675 0.36640625 0.02890625 0.08046875
1 0.89375 0.4734375 0.0328125 0.1125
1 0.9453125 0.459375 0.02578125 0.11875
0 0.634375 0.37890625 0.01484375 0.03203125
1 0.9671875 0.93046875 0.03515625 0.1296875