1 0.01875 0.59140625 0.0328125 0.109375
1 0.10859375 0.5609375 0.025 0.09765625
1 0.09453125 0.47421875 0.02109375 0.090625
1 0.11640625 0.4625 0.021875 0.09453125
1 0.26953125 0.45390625 0.0203125 0.084375
1 0.2890625 0.35625 0.01484375 0.0765625
1 0.36171875 0.4171875 0.01640625 0.0765625
1 0.425 0.54609375 0.02734375 0.09765625
1 0.478125 0.39921875 0.021875 0.0859375
1 0.53984375 0.4921875 0.025 0.07421875
1 0.46328125 0.7078125 0.02421875 0.1265625
1 0.6 0.68046875 0.0203125 0.134375
1 0.55859375 0.321875 0.01953125 0.059375
1 0.58984375 0.43359375 0.03671875 0.0640625
1 0.65546875 0.44296875 0.01875 0.07578125
1 0.715625 0.50546875 0.02109375 0.08671875
1 0.76171875 0.4984375 0.01953125 0.09296875
1 0.68125 0.3609375 0.0140625 0.07265625