1 0.06796875 0.88046875 0.0609375 0.1671875
1 0.08125 0.75390625 0.0703125 0.1484375
1 0.17734375 0.45 0.0453125 0.1140625
1 0.12265625 0.62265625 0.0515625 0.125
1 0.3453125 0.51484375 0.0484375 0.1390625
1 0.33125 0.25390625 0.040625 0.0953125
1 0.46953125 0.3953125 0.046875 0.1140625
1 0.534375 0.278125 0.046875 0.0953125
1 0.67421875 0.45625 0.05 0.1234375
1 0.52421875 0.76875 0.059375 0.1421875
1 0.71640625 0.91640625 0.0515625 0.11875
1 0.70234375 0.37265625 0.046875 0.134375
1 0.68125 0.20546875 0.0390625 0.1046875
1 0.8421875 0.2640625 0.040625 0.115625
1 0.86953125 0.465625 0.04375 0.1296875
1 0.43359375 0.19921875 0.0390625 0.0703125
0 0.4234375 0.2359375 0.0203125 0.034375