1 0.0796875 0.37578125 0.021875 0.1
1 0.1140625 0.365625 0.02265625 0.0984375
1 0.271875 0.2828125 0.0203125 0.0796875
1 0.2078125 0.1640625 0.02109375 0.071875
1 0.3890625 0.48828125 0.02265625 0.10234375
1 0.33828125 0.6078125 0.02265625 0.12578125
1 0.36328125 0.58515625 0.02265625 0.09921875
1 0.45859375 0.84453125 0.03984375 0.14140625
1 0.63828125 0.44921875 0.02734375 0.1109375
1 0.6625 0.30234375 0.021875 0.10390625
1 0.690625 0.69375 0.04375 0.121875
1 0.81796875 0.6765625 0.034375 0.13359375