1 0.01171875 0.49140625 0.0234375 0.1171875
1 0.08125 0.571875 0.0640625 0.1296875
1 0.27734375 0.54609375 0.0625 0.1265625
1 0.2421875 0.375 0.0609375 0.1015625
1 0.28984375 0.42421875 0.046875 0.115625
1 0.33359375 0.5109375 0.046875 0.1140625
1 0.28984375 0.4921875 0.046875 0.0921875
1 0.40390625 0.5 0.05 0.109375
1 0.41171875 0.459375 0.053125 0.1171875
1 0.49296875 0.41015625 0.0578125 0.121875
1 0.42421875 0.3984375 0.0546875 0.1046875
1 0.71171875 0.6640625 0.0625 0.1359375
1 0.60859375 0.5125 0.0609375 0.134375
0 0.60234375 0.309375 0.0265625 0.0390625