1 0.12890625 0.7546875 0.0328125 0.1453125
1 0.071875 0.703125 0.03515625 0.134375
1 0.1953125 0.47109375 0.028125 0.11171875
1 0.23203125 0.46015625 0.0296875 0.1171875
1 0.27578125 0.26328125 0.0234375 0.09765625
1 0.46328125 0.18046875 0.02421875 0.08828125
1 0.3828125 0.459375 0.02890625 0.11171875
1 0.47265625 0.40078125 0.0296875 0.10390625
1 0.58359375 0.32421875 0.02890625 0.09921875
1 0.66796875 0.371875 0.02109375 0.10625
1 0.69765625 0.4671875 0.02578125 0.10625
1 0.65625 0.728125 0.03984375 0.13828125
1 0.83671875 0.4859375 0.02265625 0.1171875
1 0.790625 0.31484375 0.02109375 0.1015625
1 0.82578125 0.771875 0.04921875 0.14140625
1 0.76640625 0.2078125 0.02890625 0.08515625
0 0.64765625 0.33671875 0.0171875 0.025