1 0.16171875 0.83359375 0.0640625 0.16875
1 0.15703125 0.58046875 0.0546875 0.1421875
1 0.3796875 0.6828125 0.05625 0.159375
1 0.47734375 0.62890625 0.05 0.1390625
1 0.52109375 0.6984375 0.0546875 0.1296875
1 0.840625 0.7984375 0.053125 0.14375
1 0.5453125 0.46015625 0.0453125 0.1046875
1 0.62421875 0.51171875 0.0453125 0.1078125
1 0.70078125 0.5609375 0.040625 0.109375
1 0.87890625 0.4375 0.0484375 0.1203125
1 0.70546875 0.3859375 0.0515625 0.1140625
1 0.42734375 0.24921875 0.046875 0.1078125
1 0.16328125 0.36171875 0.0484375 0.1203125
0 0.47109375 0.30390625 0.021875 0.0375