1 0.03984375 0.41796875 0.0265625 0.1
1 0.11640625 0.584375 0.0296875 0.1078125
1 0.2390625 0.71640625 0.0359375 0.1078125
1 0.2546875 0.46875 0.0296875 0.0953125
1 0.31328125 0.40390625 0.025 0.0703125
1 0.31640625 0.31875 0.025 0.0609375
1 0.4515625 0.390625 0.0203125 0.078125
1 0.44765625 0.6140625 0.0203125 0.0890625
1 0.46953125 0.6109375 0.0265625 0.10625
1 0.53203125 0.36796875 0.0203125 0.0765625
1 0.68515625 0.50859375 0.021875 0.0953125
1 0.7171875 0.43515625 0.021875 0.0859375
1 0.74765625 0.51484375 0.0265625 0.096875
1 0.9109375 0.47578125 0.0203125 0.090625
1 0.8703125 0.68828125 0.0375 0.09375