1 0.196875 0.43671875 0.0296875 0.1234375
1 0.33125 0.68125 0.0296875 0.14296875
1 0.259375 0.784375 0.0390625 0.159375
1 0.33515625 0.3328125 0.0265625 0.09375
1 0.234375 0.309375 0.028125 0.0828125
1 0.4640625 0.415625 0.03046875 0.1046875
1 0.3515625 0.23515625 0.02578125 0.09609375
1 0.4953125 0.24140625 0.02421875 0.0765625
1 0.43203125 0.33046875 0.0296875 0.10078125
1 0.6328125 0.36640625 0.0265625 0.12109375
1 0.56171875 0.52734375 0.03125 0.1171875
1 0.53828125 0.38828125 0.02265625 0.096875
1 0.6578125 0.59765625 0.02578125 0.1265625
1 0.82890625 0.53203125 0.02734375 0.1265625
1 0.9359375 0.69296875 0.03046875 0.1421875
0 0.22109375 0.3515625 0.01484375 0.03125