1 0.06875 0.55859375 0.0390625 0.1234375
1 0.16328125 0.54296875 0.0328125 0.1046875
1 0.15546875 0.45703125 0.0265625 0.0859375
1 0.34296875 0.346875 0.0265625 0.0796875
1 0.346875 0.43359375 0.0234375 0.0953125
1 0.3953125 0.41484375 0.0359375 0.08125
1 0.5046875 0.40390625 0.021875 0.0875
1 0.55234375 0.5 0.0265625 0.0703125
1 0.471875 0.55 0.03125 0.084375
1 0.4796875 0.6953125 0.0296875 0.1125
1 0.62421875 0.68359375 0.0375 0.1140625
1 0.725 0.47578125 0.0234375 0.0671875
1 0.74609375 0.546875 0.028125 0.08125
1 0.80234375 0.5328125 0.028125 0.0875
1 0.71328125 0.38046875 0.03125 0.0625
1 0.62578125 0.32890625 0.028125 0.06875
0 0.6125 0.4625 0.0109375 0.0234375