1 0.08203125 0.40390625 0.03203125 0.128125
1 0.51640625 0.43984375 0.03046875 0.1109375
1 0.62109375 0.45703125 0.034375 0.1078125
1 0.70859375 0.5234375 0.02578125 0.1140625
1 0.75078125 0.65546875 0.0296875 0.12890625
1 0.753125 0.815625 0.03671875 0.14921875
1 0.7984375 0.62734375 0.0296875 0.13359375
1 0.8109375 0.44609375 0.0359375 0.10078125
1 0.8953125 0.57421875 0.03203125 0.1203125
1 0.625 0.3484375 0.02421875 0.08828125
1 0.54609375 0.25859375 0.028125 0.078125
0 0.3984375 0.39921875 0.01484375 0.034375