1 0.078125 0.6046875 0.025 0.1109375
1 0.146875 0.4828125 0.0203125 0.08984375
1 0.16328125 0.5796875 0.0234375 0.10546875
1 0.33359375 0.35234375 0.01796875 0.06484375
1 0.434375 0.396875 0.02265625 0.07578125
1 0.3984375 0.43203125 0.02890625 0.078125
1 0.36875 0.42734375 0.01328125 0.08125
1 0.50859375 0.5078125 0.01796875 0.0671875
1 0.53828125 0.43515625 0.01640625 0.06640625
1 0.525 0.56015625 0.02578125 0.071875
1 0.48359375 0.69921875 0.0234375 0.10859375
1 0.646875 0.66796875 0.0203125 0.10859375
1 0.6765625 0.35859375 0.01640625 0.06328125
1 0.715625 0.371875 0.01484375 0.059375
1 0.75234375 0.38125 0.01875 0.06484375
1 0.74453125 0.4640625 0.028125 0.0796875
1 0.73515625 0.5328125 0.0171875 0.07890625
1 0.82578125 0.51328125 0.01796875 0.09609375
0 0.48984375 0.4515625 0.015625 0.03515625