1 0.528125 0.53515625 0.0515625 0.128125
1 0.32890625 0.7046875 0.04375 0.1296875
1 0.33203125 0.86875 0.053125 0.146875
1 0.2171875 0.534375 0.05 0.128125
1 0.29375 0.42734375 0.0453125 0.1046875
1 0.228125 0.3453125 0.0375 0.0875
1 0.38046875 0.35234375 0.0390625 0.096875
1 0.50859375 0.36171875 0.0421875 0.1
1 0.46640625 0.33046875 0.0328125 0.084375
1 0.71953125 0.571875 0.0453125 0.1078125
1 0.33203125 0.26484375 0.0390625 0.0890625
1 0.73359375 0.51953125 0.0359375 0.10625
1 0.86796875 0.6234375 0.0578125 0.13125
1 0.31640625 0.4 0.0375 0.0921875
0 0.3515625 0.28984375 0.015625 0.0234375