1 0.3890625 0.4703125 0.021875 0.084375
1 0.37109375 0.23359375 0.0234375 0.0578125
1 0.48203125 0.21953125 0.0171875 0.0546875
1 0.54140625 0.34296875 0.01640625 0.071875
1 0.52578125 0.21484375 0.015625 0.065625
1 0.615625 0.21328125 0.0203125 0.05625
1 0.62890625 0.26640625 0.02578125 0.0515625
1 0.73828125 0.29609375 0.02109375 0.05625
1 0.86640625 0.53359375 0.0296875 0.07265625
1 0.81640625 0.82890625 0.04140625 0.07109375
1 0.30078125 0.10390625 0.02734375 0.0484375
1 0.35234375 0.12109375 0.01953125 0.05546875