1 0.30390625 0.29921875 0.02890625 0.0953125
1 0.35390625 0.2265625 0.0359375 0.078125
1 0.20859375 0.3515625 0.034375 0.09453125
1 0.240625 0.459375 0.040625 0.10625
1 0.34921875 0.68046875 0.034375 0.1328125
1 0.41015625 0.83203125 0.05 0.1328125
1 0.49921875 0.35390625 0.02578125 0.09921875
1 0.50390625 0.13515625 0.021875 0.08671875
1 0.653125 0.2125 0.02578125 0.07109375
1 0.8578125 0.271875 0.02265625 0.09140625
1 0.7 0.621875 0.02421875 0.11875
1 0.74453125 0.66328125 0.0234375 0.14296875
1 0.4515625 0.8109375 0.0375 0.1359375
0 0.36171875 0.40390625 0.01796875 0.04375
1 0.47109375 0.7296875 0.02734375 0.134375