1 0.1109375 0.41640625 0.0296875 0.11953125
1 0.3421875 0.3203125 0.03046875 0.090625
1 0.38046875 0.334375 0.01484375 0.090625
1 0.4390625 0.328125 0.03359375 0.08203125
1 0.55625 0.44453125 0.0296875 0.1015625
1 0.59375 0.4625 0.02265625 0.1125
1 0.6171875 0.334375 0.02890625 0.10234375
1 0.528125 0.25625 0.025 0.0828125
1 0.74765625 0.5109375 0.028125 0.11953125
1 0.8234375 0.44296875 0.02734375 0.1109375
1 0.73359375 0.7828125 0.02734375 0.13046875
1 0.79140625 0.6203125 0.02109375 0.1203125
1 0.76796875 0.665625 0.02578125 0.12734375
1 0.8921875 0.57578125 0.0234375 0.1421875
0 0.40390625 0.33984375 0.01171875 0.02734375