1 0.25 0.38671875 0.034375 0.11171875
1 0.2890625 0.4671875 0.02890625 0.11953125
1 0.31015625 0.4625 0.0234375 0.121875
1 0.3640625 0.48203125 0.034375 0.1109375
1 0.39375 0.3296875 0.034375 0.1078125
1 0.51796875 0.478125 0.021875 0.12421875
1 0.50234375 0.3625 0.021875 0.10703125
1 0.59609375 0.31953125 0.021875 0.11171875
1 0.521875 0.36328125 0.01796875 0.0984375
1 0.6703125 0.4203125 0.0296875 0.09921875
1 0.671875 0.54375 0.0265625 0.11953125
1 0.58046875 0.6359375 0.034375 0.13984375
1 0.49140625 0.27578125 0.02578125 0.06484375