1 0.28046875 0.83203125 0.03671875 0.14375
1 0.13203125 0.384375 0.0265625 0.10234375
1 0.221875 0.4203125 0.0328125 0.11015625
1 0.296875 0.57265625 0.02578125 0.10859375
1 0.25390625 0.47890625 0.0234375 0.09609375
1 0.24921875 0.23125 0.0203125 0.08203125
1 0.42578125 0.39375 0.0296875 0.10625
1 0.5390625 0.45703125 0.02734375 0.09921875
1 0.57109375 0.4203125 0.021875 0.0953125
1 0.61484375 0.46015625 0.0203125 0.10390625
1 0.421875 0.25546875 0.0265625 0.07734375
1 0.36328125 0.32578125 0.02734375 0.0703125
1 0.86953125 0.66875 0.028125 0.12578125
1 0.3203125 0.3390625 0.021875 0.06640625
1 0.453125 0.38515625 0.02890625 0.0859375