1 0.503125 0.49453125 0.03984375 0.11875
1 0.4078125 0.50703125 0.02890625 0.1203125
1 0.46015625 0.54140625 0.0328125 0.1140625
1 0.43359375 0.62109375 0.02265625 0.1203125
1 0.609375 0.75625 0.03125 0.12890625
1 0.71796875 0.67578125 0.03515625 0.1328125
1 0.7046875 0.5359375 0.02734375 0.11328125
1 0.60703125 0.3 0.02421875 0.0953125
1 0.66796875 0.3625 0.021875 0.0921875
1 0.7046875 0.23359375 0.03203125 0.08828125
1 0.7796875 0.25625 0.0234375 0.09453125
1 0.7765625 0.8421875 0.0296875 0.140625