1 0.09921875 0.86015625 0.0671875 0.09375
1 0.325 0.240625 0.0375 0.065625
1 0.42421875 0.40625 0.046875 0.0828125
1 0.46875 0.26015625 0.0328125 0.065625
1 0.4375 0.2484375 0.03125 0.053125
1 0.54921875 0.3625 0.0328125 0.06875
1 0.609375 0.1953125 0.03125 0.06875
1 0.64453125 0.24765625 0.028125 0.0546875
1 0.734375 0.25859375 0.034375 0.0703125
1 0.2796875 0.12265625 0.025 0.065625
1 0.371875 0.13125 0.028125 0.0625
1 0.98203125 0.5484375 0.0359375 0.06875
0 0.32265625 0.121875 0.01875 0.034375