1 0.08203125 0.43125 0.021875 0.1
1 0.2953125 0.3796875 0.03046875 0.08984375
1 0.38984375 0.2234375 0.0203125 0.07265625
1 0.46484375 0.32109375 0.0296875 0.0859375
1 0.53125 0.48203125 0.04140625 0.0984375
1 0.3953125 0.58671875 0.025 0.10859375
1 0.48828125 0.678125 0.0375 0.12109375
1 0.571875 0.62421875 0.02734375 0.121875
1 0.6046875 0.60859375 0.02421875 0.1171875
1 0.65234375 0.7234375 0.0328125 0.11640625
1 0.69765625 0.34921875 0.0296875 0.0828125
1 0.6984375 0.484375 0.021875 0.1078125
1 0.75 0.55703125 0.0265625 0.11328125
0 0.52109375 0.58125 0.01640625 0.040625