1 0.01328125 0.4515625 0.0265625 0.11640625
1 0.059375 0.4015625 0.025 0.09609375
1 0.36484375 0.3734375 0.0265625 0.0796875
1 0.41953125 0.24609375 0.02421875 0.07421875
1 0.5171875 0.3140625 0.0234375 0.08359375
1 0.68671875 0.36171875 0.0265625 0.078125
1 0.5796875 0.46484375 0.028125 0.10546875
1 0.7 0.48125 0.03125 0.109375
1 0.478125 0.62421875 0.0265625 0.12734375
1 0.3375 0.56875 0.03203125 0.10546875
1 0.3890625 0.7140625 0.05234375 0.115625
1 0.534375 0.58203125 0.0234375 0.11484375
1 0.66484375 0.684375 0.03046875 0.125
1 0.66640625 0.46640625 0.0296875 0.1078125
0 0.6421875 0.49453125 0.01171875 0.03515625