1 0.528125 0.53359375 0.0390625 0.1109375
1 0.43984375 0.37265625 0.03828125 0.11328125
1 0.37890625 0.2234375 0.0234375 0.1046875
1 0.26328125 0.2265625 0.02734375 0.08515625
1 0.0703125 0.2875 0.028125 0.1109375
1 0.5375 0.2421875 0.0171875 0.07578125
1 0.4109375 0.259375 0.0171875 0.09375
1 0.58828125 0.45859375 0.040625 0.096875
1 0.5234375 0.37421875 0.03125 0.10703125
1 0.47890625 0.32890625 0.02890625 0.1046875
1 0.58515625 0.31796875 0.021875 0.09609375
0 0.246875 0.26640625 0.0125 0.01875