1 0.37265625 0.65 0.0421875 0.125
1 0.2953125 0.83515625 0.05 0.1515625
1 0.24609375 0.440625 0.040625 0.1015625
1 0.1953125 0.43359375 0.0359375 0.10625
1 0.2578125 0.34140625 0.025 0.0921875
1 0.27890625 0.3546875 0.028125 0.0921875
1 0.41875 0.56953125 0.0359375 0.11875
1 0.27578125 0.2453125 0.034375 0.0984375
1 0.50703125 0.53671875 0.04375 0.1109375
1 0.503125 0.34765625 0.034375 0.1046875
1 0.434375 0.24609375 0.0375 0.0984375
1 0.578125 0.43671875 0.0296875 0.1125
1 0.61015625 0.3796875 0.0328125 0.1046875
1 0.7609375 0.49140625 0.0359375 0.1328125
0 0.196875 0.490625 0.015625 0.0265625