1 0.26796875 0.815625 0.0609375 0.1421875
1 0.19765625 0.78515625 0.053125 0.1390625
1 0.25234375 0.51015625 0.04375 0.1203125
1 0.35 0.44375 0.0625 0.1125
1 0.259375 0.296875 0.0328125 0.090625
1 0.27421875 0.4203125 0.0421875 0.1046875
1 0.4578125 0.46953125 0.046875 0.125
1 0.503125 0.39765625 0.0453125 0.1140625
1 0.43515625 0.1859375 0.0375 0.1
1 0.57890625 0.31953125 0.0375 0.1015625
1 0.6625 0.36484375 0.0328125 0.103125
1 0.74296875 0.45 0.0359375 0.1078125
1 0.80859375 0.69140625 0.0625 0.1484375
1 0.75 0.26953125 0.0375 0.1015625
1 0.7875 0.15390625 0.0328125 0.0875
1 0.90859375 0.4234375 0.040625 0.128125
1 0.9625 0.6765625 0.0578125 0.1453125
0 0.65546875 0.40234375 0.0171875 0.03125