1 0.2265625 0.78046875 0.04140625 0.13828125
1 0.1609375 0.740625 0.03515625 0.1359375
1 0.253125 0.47578125 0.02734375 0.11796875
1 0.359375 0.4234375 0.04765625 0.10625
1 0.28984375 0.265625 0.02109375 0.0890625
1 0.2875 0.38984375 0.028125 0.10234375
1 0.4625 0.4640625 0.03046875 0.121875
1 0.5171875 0.39921875 0.03046875 0.11015625
1 0.4796875 0.1796875 0.02421875 0.096875
1 0.603125 0.33203125 0.02421875 0.09921875
1 0.6796875 0.3890625 0.01953125 0.1015625
1 0.74765625 0.484375 0.02109375 0.10625
1 0.77890625 0.7328125 0.04296875 0.14453125
1 0.7796875 0.30625 0.02421875 0.09921875
1 0.8328125 0.19765625 0.02109375 0.0859375
1 0.915625 0.48125 0.02265625 0.12578125
1 0.93359375 0.7390625 0.0390625 0.14140625
0 0.6671875 0.425 0.01328125 0.02890625