1 0.19296875 0.46015625 0.0265625 0.0828125
1 0.22265625 0.4 0.02265625 0.065625
1 0.3046875 0.46484375 0.021875 0.0734375
1 0.378125 0.32265625 0.01875 0.04765625
1 0.44765625 0.4625 0.0234375 0.09453125
1 0.49140625 0.3921875 0.01484375 0.0671875
1 0.509375 0.41328125 0.0140625 0.07109375
1 0.6140625 0.64765625 0.0234375 0.1140625
1 0.69765625 0.428125 0.025 0.07265625
1 0.7546875 0.46328125 0.02265625 0.0921875
1 0.875 0.371875 0.01640625 0.07890625
1 0.809375 0.309375 0.0140625 0.04921875
0 0.21328125 0.4828125 0.0109375 0.0234375