1 0.0171875 0.5234375 0.034375 0.1125
1 0.10390625 0.50625 0.0390625 0.1
1 0.10234375 0.41796875 0.0328125 0.0921875
1 0.125 0.409375 0.034375 0.096875
1 0.278125 0.42265625 0.03125 0.0859375
1 0.3109375 0.328125 0.025 0.078125
1 0.37421875 0.3984375 0.0265625 0.078125
1 0.41953125 0.53515625 0.040625 0.1
1 0.4921875 0.396875 0.034375 0.0875
1 0.540625 0.49765625 0.034375 0.0765625
1 0.434375 0.70078125 0.0421875 0.128125
1 0.57421875 0.69296875 0.0390625 0.1359375
1 0.5828125 0.33203125 0.028125 0.0609375
1 0.5984375 0.446875 0.0453125 0.06875
1 0.66171875 0.46484375 0.0296875 0.078125
1 0.7125 0.53515625 0.0328125 0.0890625
1 0.759375 0.53515625 0.0328125 0.0953125
1 0.69921875 0.3875 0.0234375 0.0734375