1 0.24765625 0.3234375 0.0265625 0.09375
1 0.20546875 0.41015625 0.0359375 0.1046875
1 0.3609375 0.4078125 0.0296875 0.09296875
1 0.30703125 0.3375 0.0296875 0.09921875
1 0.32890625 0.23125 0.02265625 0.0890625
1 0.3546875 0.66484375 0.0390625 0.13828125
1 0.26875 0.8 0.0421875 0.1625
1 0.4390625 0.35234375 0.025 0.10859375
1 0.48515625 0.2515625 0.0296875 0.09765625
1 0.5296875 0.33359375 0.028125 0.09140625
1 0.55703125 0.41328125 0.0296875 0.1
1 0.53828125 0.53046875 0.02734375 0.11171875
1 0.63125 0.37734375 0.025 0.12265625
1 0.57734375 0.60390625 0.04296875 0.11640625
1 0.81171875 0.52890625 0.034375 0.1328125
1 0.9265625 0.69921875 0.03515625 0.1390625