1 0.06875 0.596875 0.040625 0.0921875
1 0.09140625 0.56640625 0.04375 0.09375
1 0.1 0.675 0.0421875 0.1
1 0.23671875 0.4265625 0.0390625 0.0828125
1 0.328125 0.45546875 0.0421875 0.0875
1 0.23203125 0.521875 0.034375 0.0828125
1 0.415625 0.5703125 0.0546875 0.10625
1 0.49453125 0.71875 0.0515625 0.109375
1 0.61640625 0.659375 0.05625 0.121875
1 0.44296875 0.41640625 0.034375 0.071875
1 0.528125 0.4828125 0.0390625 0.0671875
1 0.6921875 0.46015625 0.0453125 0.078125
1 0.7265625 0.44375 0.046875 0.103125
1 0.63125 0.328125 0.034375 0.06875
1 0.684375 0.34375 0.034375 0.0625
1 0.48125 0.3171875 0.03125 0.0640625