1 0.01875 0.64765625 0.0375 0.1546875
1 0.2640625 0.734375 0.05625 0.171875
1 0.41171875 0.6859375 0.0453125 0.1328125
1 0.48984375 0.8078125 0.0609375 0.1546875
1 0.7578125 0.8234375 0.05625 0.1375
1 0.453125 0.47578125 0.0359375 0.10625
1 0.52421875 0.5109375 0.0453125 0.11875
1 0.61875 0.5640625 0.05 0.128125
1 0.59765625 0.3546875 0.0421875 0.1203125
1 0.3671875 0.25859375 0.0375 0.103125
1 0.81484375 0.44375 0.04375 0.1078125
1 0.93984375 0.5703125 0.046875 0.134375
1 0.915625 0.9453125 0.0625 0.109375
0 0.4234375 0.29140625 0.01875 0.0328125