1 0.24296875 0.721875 0.0453125 0.12890625
1 0.33203125 0.40859375 0.02890625 0.096875
1 0.39375 0.390625 0.0296875 0.1046875
1 0.4671875 0.25078125 0.02265625 0.084375
1 0.55234375 0.25859375 0.02421875 0.103125
1 0.553125 0.16171875 0.021875 0.084375
1 0.659375 0.1421875 0.02109375 0.08359375
1 0.78515625 0.2640625 0.0296875 0.09609375
1 0.91953125 0.21328125 0.0265625 0.0828125
1 0.94765625 0.403125 0.034375 0.11484375
1 0.65859375 0.6046875 0.03359375 0.1125
1 0.9015625 0.753125 0.04375 0.12890625
1 0.43203125 0.75625 0.0390625 0.1265625
0 0.71015625 0.3359375 0.0125 0.03515625