1 0.10234375 0.49921875 0.053125 0.1234375
1 0.30859375 0.35703125 0.0484375 0.0953125
1 0.3484375 0.3625 0.0328125 0.0921875
1 0.4046875 0.34453125 0.05 0.0875
1 0.54375 0.434375 0.05 0.10625
1 0.58359375 0.44375 0.0453125 0.1140625
1 0.58046875 0.31328125 0.05 0.10625
1 0.4765625 0.25546875 0.0421875 0.0859375
1 0.74453125 0.459375 0.053125 0.1234375
1 0.8046875 0.37734375 0.05 0.1140625
1 0.7875 0.728125 0.053125 0.1328125
1 0.81015625 0.55703125 0.0453125 0.121875
1 0.796875 0.60625 0.0515625 0.1296875
1 0.89921875 0.49296875 0.053125 0.14375
0 0.37265625 0.36328125 0.0171875 0.0296875