1 0.015625 0.3625 0.025 0.1140625
1 0.07734375 0.4609375 0.03359375 0.125
1 0.2734375 0.48671875 0.03125 0.1234375
1 0.28359375 0.3125 0.03671875 0.09609375
1 0.31640625 0.37265625 0.0171875 0.11484375
1 0.33671875 0.4671875 0.01875 0.1125
1 0.29921875 0.43828125 0.025 0.0890625
1 0.40703125 0.475 0.0234375 0.10703125
1 0.425 0.4375 0.0234375 0.115625
1 0.51640625 0.41171875 0.028125 0.11875
1 0.453125 0.38203125 0.03046875 0.1
1 0.66171875 0.71328125 0.0296875 0.13203125
1 0.6015625 0.53984375 0.028125 0.13125
0 0.6484375 0.3421875 0.01796875 0.0359375