1 0.4484375 0.74921875 0.0625 0.140625
1 0.32421875 0.5453125 0.059375 0.1390625
1 0.43671875 0.48984375 0.05 0.1359375
1 0.30859375 0.50234375 0.0359375 0.090625
1 0.54765625 0.634375 0.0515625 0.1421875
1 0.615625 0.66875 0.05625 0.134375
1 0.6671875 0.41171875 0.053125 0.10625
1 0.690625 0.4984375 0.046875 0.115625
1 0.8109375 0.57578125 0.0515625 0.13125
1 0.8375 0.3578125 0.0375 0.1078125
1 0.8421875 0.846875 0.0671875 0.15625
1 0.990625 0.43671875 0.01875 0.1203125
1 0.9484375 0.671875 0.053125 0.1375
1 0.90859375 0.95 0.0578125 0.1