1 0.06015625 0.48359375 0.0328125 0.1453125
1 0.1953125 0.5265625 0.03125 0.1390625
1 0.103125 0.66640625 0.0484375 0.165625
1 0.1875 0.69453125 0.0421875 0.1671875
1 0.346875 0.71328125 0.059375 0.1421875
1 0.43359375 0.54453125 0.0359375 0.1453125
1 0.52265625 0.8125 0.0515625 0.1859375
1 0.53984375 0.48515625 0.0515625 0.1421875
1 0.5796875 0.403125 0.0390625 0.1421875
1 0.725 0.496875 0.0375 0.14375
1 0.51796875 0.24453125 0.034375 0.1015625
1 0.65234375 0.365625 0.0375 0.071875
0 0.93125 0.4265625 0.0234375 0.0375