1 0.25859375 0.35703125 0.053125 0.1
1 0.28828125 0.2734375 0.0546875 0.084375
1 0.18046875 0.43203125 0.0578125 0.1
1 0.2390625 0.528125 0.0671875 0.1125
1 0.40078125 0.71328125 0.0671875 0.1375
1 0.49921875 0.84375 0.0828125 0.140625
1 0.46171875 0.359375 0.05 0.103125
1 0.409375 0.146875 0.04375 0.0890625
1 0.5734375 0.1828125 0.04375 0.075
1 0.78671875 0.18671875 0.0453125 0.09375
1 0.725 0.565625 0.0546875 0.1203125
1 0.778125 0.59453125 0.059375 0.14375
1 0.53359375 0.8125 0.071875 0.140625
0 0.34140625 0.44296875 0.028125 0.046875
1 0.53125 0.7296875 0.0609375 0.1375