1 0.05390625 0.42421875 0.0296875 0.1109375
1 0.24453125 0.47265625 0.0375 0.0953125
1 0.20859375 0.58515625 0.03125 0.1109375
1 0.20703125 0.27578125 0.0296875 0.071875
1 0.31328125 0.365625 0.0234375 0.0796875
1 0.26484375 0.88046875 0.046875 0.1453125
1 0.4390625 0.50703125 0.034375 0.090625
1 0.4375 0.30546875 0.0375 0.075
1 0.5328125 0.4828125 0.03125 0.0875
1 0.77421875 0.65625 0.0328125 0.115625
1 0.5109375 0.42890625 0.034375 0.09375
1 0.4171875 0.3546875 0.0234375 0.0734375
1 0.89296875 0.825 0.0390625 0.140625
1 0.196875 0.45859375 0.028125 0.078125
0 0.4296875 0.37109375 0.009375 0.025