1 0.01953125 0.81640625 0.0390625 0.16328125
1 0.05 0.69296875 0.05078125 0.1421875
1 0.1875 0.40546875 0.03046875 0.11015625
1 0.109375 0.56875 0.034375 0.121875
1 0.34453125 0.49296875 0.0296875 0.1359375
1 0.3671875 0.2328125 0.02734375 0.0921875
1 0.484375 0.3921875 0.03125 0.11015625
1 0.56484375 0.28515625 0.03515625 0.09140625
1 0.67890625 0.48125 0.03359375 0.11953125
1 0.48671875 0.76953125 0.04140625 0.1375
1 0.65625 0.9421875 0.03515625 0.11484375
1 0.71796875 0.40234375 0.028125 0.13125
1 0.7203125 0.23359375 0.025 0.1015625
1 0.871875 0.3140625 0.025 0.1125
1 0.87109375 0.5171875 0.0265625 0.1265625
1 0.47578125 0.19296875 0.03046875 0.06640625
0 0.4609375 0.228125 0.015625 0.0328125