1 0.1625 0.38828125 0.0296875 0.1171875
1 0.3078125 0.2421875 0.0296875 0.1015625
1 0.46953125 0.19609375 0.0296875 0.090625
1 0.44453125 0.38515625 0.025 0.103125
1 0.1 0.5203125 0.034375 0.128125
1 0.484375 0.76171875 0.0390625 0.134375
1 0.65859375 0.3953125 0.0296875 0.1125
1 0.565625 0.30546875 0.0296875 0.1046875
1 0.671875 0.240625 0.0234375 0.0921875
1 0.828125 0.33125 0.0265625 0.1015625
1 0.796875 0.52890625 0.028125 0.1265625
1 0.6375 0.48671875 0.025 0.096875
1 0.65546875 0.91953125 0.0546875 0.1609375