1 0.04296875 0.78515625 0.05390625 0.08515625
1 0.37265625 0.2140625 0.028125 0.0609375
1 0.44140625 0.39453125 0.034375 0.078125
1 0.5109375 0.25859375 0.02265625 0.06328125
1 0.48203125 0.24140625 0.02265625 0.05
1 0.57265625 0.3734375 0.02109375 0.06640625
1 0.6609375 0.21875 0.0203125 0.06640625
1 0.6859375 0.2765625 0.01953125 0.05234375
1 0.77265625 0.303125 0.02265625 0.06796875
1 0.3484375 0.08984375 0.01328125 0.06484375
1 0.4375 0.11484375 0.01875 0.059375
1 0.975 0.63359375 0.040625 0.06328125
0 0.390625 0.096875 0.01328125 0.0328125