1 0.15859375 0.4 0.02578125 0.115625
1 0.29921875 0.24921875 0.02578125 0.1
1 0.45859375 0.19765625 0.0265625 0.0890625
1 0.440625 0.3875 0.021875 0.10234375
1 0.10078125 0.534375 0.0296875 0.1265625
1 0.49375 0.76171875 0.03515625 0.13359375
1 0.6546875 0.38984375 0.0265625 0.11171875
1 0.55859375 0.303125 0.02578125 0.103125
1 0.6625 0.23515625 0.01953125 0.0921875
1 0.821875 0.31953125 0.0234375 0.1015625
1 0.79765625 0.51875 0.02421875 0.1265625
1 0.63671875 0.48203125 0.02109375 0.096875
1 0.67109375 0.9171875 0.0484375 0.16484375