1 0.33515625 0.8625 0.059375 0.1484375
1 0.11875 0.44375 0.0421875 0.1046875
1 0.2125 0.46484375 0.05 0.1140625
1 0.3109375 0.60390625 0.0421875 0.1109375
1 0.25390625 0.51796875 0.0375 0.0984375
1 0.21015625 0.2734375 0.0328125 0.084375
1 0.41015625 0.40703125 0.0453125 0.109375
1 0.53203125 0.4515625 0.0421875 0.1015625
1 0.5578125 0.41015625 0.0359375 0.096875
1 0.60703125 0.44296875 0.0359375 0.10625
1 0.384375 0.2703125 0.0390625 0.08125
1 0.3375 0.34921875 0.0375 0.0734375
1 0.89140625 0.60859375 0.046875 0.128125
1 0.29765625 0.36953125 0.03125 0.06875
1 0.4359375 0.39375 0.0421875 0.0890625