1 0.38359375 0.60625 0.02578125 0.0765625
1 0.33515625 0.55546875 0.01875 0.06640625
1 0.23671875 0.51015625 0.0203125 0.07265625
1 0.27890625 0.43984375 0.01640625 0.06015625
1 0.1796875 0.45390625 0.01796875 0.05078125
1 0.40703125 0.45546875 0.02265625 0.06015625
1 0.47421875 0.53203125 0.01875 0.05859375
1 0.4921875 0.409375 0.01640625 0.0484375
1 0.684375 0.47421875 0.0234375 0.0609375
1 0.71171875 0.42578125 0.01796875 0.0671875
1 0.7 0.5625 0.0171875 0.06640625
1 0.746875 0.46640625 0.0109375 0.05703125
1 0.77109375 0.56328125 0.01953125 0.07109375
1 0.86875 0.46640625 0.01640625 0.06015625
0 0.715625 0.68515625 0.01328125 0.0390625