0 0.71953125 0.6125 0.0125 0.025
1 0.7453125 0.58203125 0.034375 0.1125
1 0.69765625 0.403125 0.0328125 0.1046875
1 0.684375 0.29375 0.028125 0.1
1 0.4484375 0.4640625 0.028125 0.0984375
1 0.35859375 0.47734375 0.0296875 0.1015625
1 0.03046875 0.34765625 0.0296875 0.10625
1 0.22109375 0.2765625 0.0234375 0.0796875
1 0.11953125 0.30546875 0.03125 0.0984375
1 0.9453125 0.440625 0.025 0.109375
1 0.56171875 0.646875 0.0390625 0.125
1 0.47265625 0.3875 0.0234375 0.0890625
1 0.11640625 0.153125 0.0203125 0.0765625
1 0.23125 0.49375 0.021875 0.1015625