1 0.06015625 0.39296875 0.021875 0.11015625
1 0.246875 0.4546875 0.03125 0.09296875
1 0.203125 0.56484375 0.02421875 0.11015625
1 0.2234375 0.25625 0.02421875 0.0703125
1 0.3234375 0.353125 0.01875 0.078125
1 0.2390625 0.86328125 0.0375 0.14296875
1 0.4390625 0.503125 0.02890625 0.0890625
1 0.4515625 0.3015625 0.03203125 0.07265625
1 0.53359375 0.48515625 0.02578125 0.0859375
1 0.7625 0.675 0.025 0.1140625
1 0.515625 0.4296875 0.02734375 0.0921875
1 0.42734375 0.34921875 0.01875 0.07265625
1 0.86953125 0.8515625 0.02890625 0.13828125
1 0.20078125 0.4375 0.0234375 0.0765625
0 0.4390625 0.36640625 0.0078125 0.02421875