1 0.1921875 0.46875 0.0421875 0.1265625
1 0.35078125 0.69765625 0.04375 0.1453125
1 0.290625 0.8078125 0.05625 0.1625
1 0.31875 0.35078125 0.0359375 0.0953125
1 0.215625 0.33828125 0.0359375 0.0859375
1 0.45546875 0.41953125 0.040625 0.1078125
1 0.325 0.25234375 0.0359375 0.0984375
1 0.46796875 0.24296875 0.0328125 0.078125
1 0.41484375 0.33828125 0.040625 0.103125
1 0.61796875 0.353125 0.0390625 0.1234375
1 0.5640625 0.52109375 0.04375 0.1203125
1 0.5265625 0.38515625 0.0328125 0.0984375
1 0.6671875 0.58046875 0.0390625 0.128125
1 0.83046875 0.49765625 0.040625 0.128125
1 0.95390625 0.64609375 0.0453125 0.1453125
0 0.20703125 0.38125 0.01875 0.0328125