1 0.50078125 0.175 0.046875 0.11875
1 0.47578125 0.3953125 0.0625 0.115625
1 0.78828125 0.57265625 0.0515625 0.1234375
1 0.2703125 0.80625 0.0578125 0.1359375
1 0.31796875 0.3640625 0.0421875 0.11875
1 0.25078125 0.46015625 0.046875 0.1140625
1 0.321875 0.22578125 0.0359375 0.103125
1 0.7125 0.353125 0.0421875 0.090625
1 0.75625 0.33046875 0.040625 0.08125
1 0.82265625 0.796875 0.0640625 0.1390625
1 0.6453125 0.559375 0.0625 0.128125
1 0.25 0.7359375 0.05625 0.1546875
1 0.971875 0.5515625 0.05625 0.13125