1 0.16796875 0.77421875 0.046875 0.14375
1 0.18046875 0.49296875 0.040625 0.13125
1 0.2640625 0.4046875 0.0328125 0.115625
1 0.04140625 0.31953125 0.0421875 0.121875
1 0.07421875 0.83984375 0.0421875 0.1578125
1 0.3390625 0.18515625 0.0296875 0.0984375
1 0.39140625 0.34609375 0.0296875 0.1015625
1 0.5796875 0.225 0.040625 0.09375
1 0.67578125 0.253125 0.034375 0.090625
1 0.5640625 0.359375 0.040625 0.0765625
1 0.6359375 0.47421875 0.0390625 0.1140625
1 0.59453125 0.6125 0.0421875 0.115625
1 0.63125 0.31484375 0.034375 0.0828125
1 0.66796875 0.3578125 0.0328125 0.08125
1 0.8921875 0.453125 0.0390625 0.1140625
1 0.9421875 0.4359375 0.03125 0.1203125
0 0.628125 0.371875 0.0171875 0.0328125
1 0.98359375 0.9046875 0.0328125 0.13125