1 0.10625 0.38515625 0.0421875 0.1265625
1 0.25859375 0.34609375 0.0453125 0.1171875
1 0.4046875 0.353125 0.0265625 0.090625
1 0.41328125 0.65546875 0.0578125 0.1359375
1 0.4484375 0.403125 0.0375 0.0984375
1 0.49609375 0.259375 0.0453125 0.0984375
1 0.6640625 0.31640625 0.0421875 0.09375
1 0.78671875 0.51484375 0.0578125 0.109375
1 0.88359375 0.8796875 0.0546875 0.1375
1 0.79375 0.959375 0.05 0.08125
1 0.540625 0.4921875 0.040625 0.1015625
0 0.809375 0.39921875 0.0171875 0.0265625
1 0.14921875 0.18046875 0.0359375 0.0984375