1 0.590625 0.76875 0.0375 0.15
1 0.54375 0.38203125 0.0328125 0.1078125
1 0.58515625 0.1640625 0.021875 0.08046875
1 0.75390625 0.2484375 0.021875 0.0875
1 0.37109375 0.26171875 0.0234375 0.09765625
1 0.31328125 0.3171875 0.0296875 0.0921875
1 0.28984375 0.47265625 0.0265625 0.103125
1 0.21953125 0.48359375 0.03671875 0.10234375
1 0.2265625 0.36953125 0.028125 0.09140625
1 0.359375 0.61171875 0.05078125 0.1171875
1 0.31796875 0.690625 0.04453125 0.12578125
1 0.4296875 0.7140625 0.03125 0.11875
1 0.396875 0.78828125 0.05 0.13203125
1 0.7890625 0.6578125 0.025 0.12890625
1 0.9046875 0.67265625 0.03359375 0.134375
0 0.2578125 0.41953125 0.0171875 0.0359375