1 0.28359375 0.8296875 0.0578125 0.15
1 0.40625 0.4859375 0.05 0.090625
1 0.46796875 0.734375 0.053125 0.1390625
1 0.59921875 0.8625 0.0546875 0.159375
1 0.4875 0.5125 0.046875 0.1078125
1 0.4875 0.3140625 0.0375 0.103125
1 0.6015625 0.51875 0.0484375 0.1328125
1 0.76484375 0.35 0.0375 0.1015625
1 0.7984375 0.7703125 0.0578125 0.1421875
1 0.29453125 0.2875 0.0359375 0.0953125
1 0.9171875 0.47109375 0.0609375 0.14375
1 0.97734375 0.55625 0.0453125 0.128125
1 0.49609375 0.415625 0.0453125 0.103125
0 0.3234375 0.30859375 0.0171875 0.03125