1 0.21640625 0.69609375 0.05 0.1484375
1 0.2125 0.34375 0.0265625 0.11875
1 0.371875 0.37890625 0.0359375 0.1109375
1 0.60546875 0.6515625 0.059375 0.1359375
1 0.5421875 0.2953125 0.0265625 0.103125
1 0.68359375 0.36015625 0.0296875 0.10625
1 0.65 0.3078125 0.025 0.084375
1 0.84765625 0.6296875 0.0390625 0.1328125
1 0.8359375 0.3625 0.0296875 0.0953125
1 0.759375 0.25078125 0.0296875 0.09375
1 0.97734375 0.53671875 0.0421875 0.1296875
1 0.32734375 0.25625 0.028125 0.09375
1 0.38984375 0.2765625 0.034375 0.0921875
1 0.79921875 0.26796875 0.03125 0.0984375