1 0.02265625 0.39296875 0.040625 0.11875
1 0.075 0.3484375 0.0359375 0.0984375
1 0.38125 0.3578125 0.0359375 0.0828125
1 0.45078125 0.23828125 0.0328125 0.0765625
1 0.53984375 0.3171875 0.0328125 0.0859375
1 0.70234375 0.38515625 0.0359375 0.08125
1 0.58359375 0.475 0.040625 0.1078125
1 0.70078125 0.50546875 0.04375 0.1125
1 0.46328125 0.6203125 0.0421875 0.1296875
1 0.33046875 0.5484375 0.0453125 0.1078125
1 0.3640625 0.69921875 0.065625 0.121875
1 0.52421875 0.5859375 0.0375 0.1171875
1 0.64140625 0.703125 0.0453125 0.128125
1 0.66953125 0.48671875 0.0421875 0.1109375
0 0.64140625 0.51171875 0.015625 0.0359375