1 0.21015625 0.46328125 0.02890625 0.109375
1 0.25703125 0.45703125 0.0328125 0.09453125
1 0.31171875 0.46328125 0.01953125 0.10703125
1 0.34765625 0.39765625 0.0359375 0.084375
1 0.403125 0.31640625 0.021875 0.07890625
1 0.38515625 0.4625 0.028125 0.08828125
1 0.41484375 0.43671875 0.0171875 0.084375
1 0.44375 0.36484375 0.0328125 0.0765625
1 0.5359375 0.40703125 0.0375 0.08359375
1 0.57734375 0.53203125 0.02578125 0.12265625
1 0.60625 0.49609375 0.021875 0.10859375
1 0.68984375 0.60546875 0.02890625 0.12109375
1 0.67890625 0.80390625 0.0515625 0.14140625
0 0.45 0.4765625 0.01484375 0.02734375
1 0.29921875 0.3234375 0.0265625 0.090625