1 0.09453125 0.5 0.0296875 0.12734375
1 0.17109375 0.56640625 0.0375 0.12109375
1 0.3890625 0.32265625 0.0234375 0.0921875
1 0.39453125 0.4140625 0.0296875 0.09453125
1 0.45703125 0.39609375 0.0359375 0.08359375
1 0.365625 0.7640625 0.028125 0.13671875
1 0.30703125 0.8453125 0.034375 0.159375
1 0.23203125 0.26796875 0.0234375 0.10703125
1 0.62734375 0.36640625 0.02578125 0.1046875
1 0.6875 0.21328125 0.02109375 0.090625
1 0.76328125 0.24140625 0.02265625 0.084375
1 0.81953125 0.25390625 0.02265625 0.09296875
1 0.734375 0.5296875 0.0234375 0.1171875
1 0.8890625 0.6296875 0.03515625 0.1171875