1 0.4125 0.63125 0.04375 0.08125
1 0.353125 0.59375 0.034375 0.06875
1 0.246875 0.5734375 0.0375 0.075
1 0.27109375 0.4953125 0.03125 0.0625
1 0.178125 0.5328125 0.0296875 0.053125
1 0.39921875 0.47890625 0.0359375 0.0640625
1 0.4828125 0.5375 0.0328125 0.0609375
1 0.4703125 0.4140625 0.028125 0.0515625
1 0.67265625 0.43046875 0.0375 0.0640625
1 0.6875 0.3765625 0.034375 0.0703125
1 0.709375 0.5125 0.0328125 0.06875
1 0.73125 0.4078125 0.025 0.0578125
1 0.778125 0.49609375 0.0359375 0.0734375
1 0.85 0.378125 0.03125 0.0625
0 0.75390625 0.62734375 0.021875 0.040625