1 0.27109375 0.34296875 0.0421875 0.10625
1 0.38046875 0.38359375 0.040625 0.121875
1 0.2296875 0.4921875 0.0390625 0.1375
1 0.34375 0.61328125 0.0421875 0.1296875
1 0.4578125 0.4609375 0.0375 0.103125
1 0.47734375 0.71640625 0.040625 0.1453125
1 0.70390625 0.61953125 0.040625 0.134375
1 0.8015625 0.503125 0.0375 0.1328125
1 0.83984375 0.46796875 0.034375 0.11875
1 0.525 0.228125 0.03125 0.0921875
1 0.38671875 0.171875 0.03125 0.096875
1 0.47578125 0.12734375 0.03125 0.090625
1 0.5078125 0.14296875 0.028125 0.0875
0 0.42421875 0.58359375 0.0140625 0.040625