1 0.0625 0.453125 0.02265625 0.14375
1 0.19453125 0.50546875 0.021875 0.1375
1 0.0921875 0.63828125 0.0375 0.1640625
1 0.175 0.67265625 0.03046875 0.165625
1 0.33203125 0.70234375 0.04921875 0.1390625
1 0.43046875 0.53984375 0.0265625 0.14453125
1 0.50078125 0.81328125 0.0390625 0.184375
1 0.540625 0.48828125 0.0421875 0.13984375
1 0.5859375 0.40859375 0.0296875 0.140625
1 0.725 0.5125 0.028125 0.14140625
1 0.5359375 0.24609375 0.028125 0.09921875
1 0.66171875 0.3765625 0.03203125 0.06953125
0 0.93515625 0.45703125 0.0203125 0.03671875