1 0.45 0.17890625 0.0296875 0.11484375
1 0.459375 0.40078125 0.0453125 0.11015625
1 0.79609375 0.5265625 0.03359375 0.11953125
1 0.32109375 0.83828125 0.03828125 0.13203125
1 0.29921875 0.39453125 0.025 0.115625
1 0.24765625 0.5 0.0296875 0.1109375
1 0.28125 0.25703125 0.0203125 0.10078125
1 0.68671875 0.321875 0.02890625 0.0875
1 0.7265625 0.2921875 0.02890625 0.07734375
1 0.86484375 0.74296875 0.04375 0.13359375
1 0.653125 0.5359375 0.04375 0.1234375
1 0.28984375 0.771875 0.0328125 0.15078125
1 0.978125 0.47734375 0.04375 0.1265625