1 0.04765625 0.671875 0.040625 0.0609375
1 0.184375 0.47421875 0.03359375 0.0671875
1 0.2515625 0.4015625 0.02421875 0.0609375
1 0.271875 0.2484375 0.028125 0.06796875
1 0.421875 0.13046875 0.02421875 0.06328125
1 0.46875 0.20234375 0.02734375 0.0625
1 0.48828125 0.10234375 0.0171875 0.059375
1 0.515625 0.1765625 0.02109375 0.0578125
1 0.59921875 0.26015625 0.0203125 0.06640625
1 0.62265625 0.16796875 0.02109375 0.06015625
1 0.675 0.46796875 0.028125 0.08203125
1 0.771875 0.2625 0.02734375 0.07265625
1 0.83046875 0.346875 0.0328125 0.08671875