1 0.134375 0.46875 0.015625 0.06875
1 0.1703125 0.603125 0.01796875 0.0828125
1 0.17890625 0.7 0.02265625 0.09375
1 0.2734375 0.5140625 0.0203125 0.08125
1 0.32734375 0.73828125 0.03046875 0.1
1 0.346875 0.59921875 0.0203125 0.0796875
1 0.35078125 0.403125 0.0140625 0.0640625
1 0.353125 0.46796875 0.01875 0.06171875
1 0.4265625 0.6515625 0.0234375 0.075
1 0.471875 0.43359375 0.0203125 0.071875
1 0.509375 0.53515625 0.0125 0.0625
1 0.5296875 0.4796875 0.01796875 0.06171875
1 0.625 0.5796875 0.01875 0.0734375
1 0.65234375 0.61875 0.0171875 0.07265625
1 0.7125 0.61484375 0.01953125 0.071875
1 0.759375 0.4609375 0.01484375 0.065625
1 0.75546875 0.73828125 0.01953125 0.0921875
1 0.86875 0.5734375 0.01640625 0.078125