1 0.0296875 0.5796875 0.028125 0.11875
1 0.1796875 0.44609375 0.025 0.103125
1 0.09609375 0.43125 0.0328125 0.1
1 0.2328125 0.35 0.025 0.0875
1 0.1671875 0.25703125 0.0203125 0.078125
1 0.125 0.84296875 0.04375 0.134375
1 0.33359375 0.440625 0.0375 0.103125
1 0.35703125 0.38515625 0.021875 0.078125
1 0.4109375 0.50859375 0.040625 0.090625
1 0.50703125 0.471875 0.034375 0.096875
1 0.4859375 0.38359375 0.0296875 0.078125
1 0.70390625 0.6515625 0.0359375 0.1125
1 0.7484375 0.840625 0.040625 0.1375
0 0.465625 0.3828125 0.0109375 0.028125