1 0.1875 0.4296875 0.03046875 0.10859375
1 0.18359375 0.62421875 0.02890625 0.121875
1 0.3125 0.2765625 0.01953125 0.10234375
1 0.225 0.76484375 0.03203125 0.15078125
1 0.40546875 0.67421875 0.028125 0.1359375
1 0.45234375 0.4859375 0.02578125 0.1078125
1 0.46640625 0.61015625 0.0359375 0.109375
1 0.5671875 0.50234375 0.021875 0.10859375
1 0.6015625 0.5640625 0.02890625 0.109375
1 0.63671875 0.4203125 0.01953125 0.103125
1 0.61015625 0.39375 0.0203125 0.11328125
1 0.81796875 0.6953125 0.02734375 0.12265625
1 0.7828125 0.35390625 0.028125 0.1015625
1 0.896875 0.84296875 0.034375 0.1453125
0 0.21015625 0.4796875 0.01328125 0.0265625
1 0.3859375 0.60234375 0.0390625 0.11640625