1 0.19375 0.40546875 0.06875 0.134375
1 0.25703125 0.296875 0.059375 0.125
1 0.26640625 0.16171875 0.053125 0.0953125
1 0.4953125 0.3359375 0.0671875 0.1046875
1 0.4765625 0.07890625 0.0484375 0.0828125
1 0.6078125 0.16328125 0.04375 0.078125
1 0.7546875 0.5265625 0.0640625 0.121875
1 0.65234375 0.703125 0.0625 0.128125
1 0.5703125 0.7015625 0.0796875 0.1390625
1 0.88984375 0.5765625 0.071875 0.121875
1 0.9921875 0.35 0.015625 0.096875
1 0.878125 0.14609375 0.0390625 0.0875
0 0.434375 0.71796875 0.034375 0.04375