0 0.7171875 0.61640625 0.0125 0.025
1 0.74375 0.5859375 0.0328125 0.1125
1 0.69921875 0.40625 0.03046875 0.1046875
1 0.68828125 0.296875 0.0265625 0.1
1 0.44921875 0.46328125 0.0265625 0.0984375
1 0.359375 0.475 0.02734375 0.1015625
1 0.0328125 0.33984375 0.028125 0.10546875
1 0.225 0.271875 0.021875 0.0796875
1 0.12265625 0.29921875 0.02890625 0.09765625
1 0.94609375 0.4484375 0.0234375 0.10859375
1 0.559375 0.64765625 0.03671875 0.125
1 0.475 0.38671875 0.021875 0.08828125
1 0.12265625 0.146875 0.01953125 0.0765625
1 0.23125 0.4890625 0.01953125 0.10078125