1 0.28046875 0.26484375 0.0546875 0.0875
1 0.08359375 0.5296875 0.05625 0.1234375
1 0.1015625 0.62890625 0.0578125 0.1421875
1 0.1875 0.8734375 0.05625 0.1578125
1 0.25625 0.91875 0.0546875 0.0953125
1 0.45546875 0.32421875 0.04375 0.0984375
1 0.44765625 0.51875 0.05625 0.11875
1 0.703125 0.24375 0.0390625 0.0734375
1 0.69921875 0.42265625 0.0515625 0.1125
1 0.7734375 0.28515625 0.0328125 0.08125
1 0.73515625 0.459375 0.0484375 0.1
1 0.77109375 0.68125 0.059375 0.1375
1 0.96484375 0.37578125 0.0546875 0.1171875
0 0.27109375 0.3203125 0.021875 0.0328125