1 0.03125 0.51484375 0.0625 0.1328125
1 0.12578125 0.34453125 0.05 0.0828125
1 0.35 0.6390625 0.06875 0.1515625
1 0.47109375 0.68515625 0.0703125 0.1625
1 0.38828125 0.49375 0.0515625 0.115625
1 0.40625 0.384375 0.0390625 0.0828125
1 0.40234375 0.2890625 0.025 0.0578125
1 0.46875 0.30703125 0.025 0.059375
1 0.4734375 0.459375 0.0421875 0.1046875
1 0.51328125 0.475 0.0421875 0.1
1 0.525 0.5421875 0.040625 0.11875
1 0.5765625 0.52734375 0.0421875 0.10625
1 0.67734375 0.5484375 0.0515625 0.1109375
1 0.6265625 0.4515625 0.0421875 0.1109375