1 0.071875 0.27734375 0.0328125 0.1125
1 0.38046875 0.40234375 0.03515625 0.11875
1 0.459375 0.3875 0.02578125 0.11015625
1 0.51015625 0.221875 0.02890625 0.0890625
1 0.59609375 0.21875 0.02265625 0.09765625
1 0.6109375 0.1265625 0.0234375 0.08984375
1 0.68984375 0.115625 0.0234375 0.08828125
1 0.81875 0.2203125 0.021875 0.10703125
1 0.4390625 0.74609375 0.03046875 0.125
1 0.72109375 0.640625 0.03671875 0.09921875
1 0.7390625 0.73828125 0.04609375 0.10859375
0 0.63359375 0.684375 0.01953125 0.03828125