1 0.43359375 0.6890625 0.040625 0.1
1 0.4671875 0.63046875 0.046875 0.10625
1 0.25546875 0.759375 0.0421875 0.096875
1 0.16953125 0.66171875 0.04375 0.090625
1 0.08671875 0.51640625 0.0359375 0.0796875
1 0.2765625 0.5390625 0.0328125 0.090625
1 0.3140625 0.38828125 0.0328125 0.065625
1 0.32421875 0.46640625 0.03125 0.075
1 0.3953125 0.51640625 0.0296875 0.0703125
1 0.46328125 0.3953125 0.0296875 0.06875
1 0.51015625 0.50703125 0.028125 0.071875
1 0.53671875 0.40703125 0.0296875 0.065625
1 0.66328125 0.5265625 0.0328125 0.0796875
1 0.68984375 0.4765625 0.034375 0.0921875
1 0.75859375 0.36015625 0.0359375 0.0796875
1 0.74609375 0.5140625 0.0328125 0.0796875
1 0.86953125 0.453125 0.0296875 0.078125
1 0.86171875 0.64375 0.04375 0.0796875