1 0.32109375 0.46171875 0.0375 0.11875
1 0.3 0.23984375 0.040625 0.1140625
1 0.1890625 0.3625 0.0421875 0.13125
1 0.58125 0.328125 0.034375 0.1078125
1 0.4453125 0.3921875 0.0359375 0.10625
1 0.65859375 0.3828125 0.04375 0.1203125
1 0.64609375 0.49296875 0.040625 0.1125
1 0.709375 0.24921875 0.0296875 0.0859375
1 0.46640625 0.19453125 0.0296875 0.0953125
1 0.809375 0.34765625 0.0328125 0.090625
1 0.78515625 0.5359375 0.040625 0.1125
1 0.69609375 0.85703125 0.0546875 0.1546875
1 0.525 0.75625 0.0421875 0.1484375
1 0.01953125 0.72734375 0.0390625 0.1421875
1 0.1390625 0.4640625 0.034375 0.1125