1 0.24609375 0.68671875 0.04375 0.1390625
1 0.20859375 0.58515625 0.040625 0.1375
1 0.2359375 0.384375 0.0375 0.115625
1 0.35078125 0.246875 0.0328125 0.09375
1 0.409375 0.4609375 0.0453125 0.0859375
1 0.41953125 0.63671875 0.0390625 0.1234375
1 0.525 0.61640625 0.0453125 0.1265625
1 0.5625 0.5875 0.0359375 0.1265625
1 0.52421875 0.49296875 0.0390625 0.1046875
1 0.5453125 0.34921875 0.034375 0.0828125
1 0.615625 0.41640625 0.034375 0.0984375
1 0.82890625 0.31484375 0.0265625 0.0671875
1 0.7671875 0.69609375 0.0390625 0.1171875
1 0.815625 0.8515625 0.0421875 0.1328125
1 0.34765625 0.575 0.046875 0.1203125
0 0.36796875 0.62890625 0.0171875 0.03125