1 0.05859375 0.51484375 0.0390625 0.13125
1 0.13046875 0.5625 0.028125 0.121875
1 0.3578125 0.42578125 0.025 0.1015625
1 0.3203125 0.74453125 0.0328125 0.13359375
1 0.23671875 0.8203125 0.0359375 0.159375
1 0.17890625 0.2890625 0.02265625 0.0890625
1 0.434375 0.34140625 0.03203125 0.09296875
1 0.64375 0.23671875 0.03515625 0.08046875
1 0.596875 0.3875 0.01953125 0.08671875
1 0.715625 0.265625 0.03203125 0.0796875
1 0.7921875 0.278125 0.025 0.07421875
1 0.6890625 0.5046875 0.03046875 0.09921875
1 0.73359375 0.628125 0.0328125 0.1234375
1 0.88828125 0.4 0.02578125 0.1015625
1 0.509375 0.17734375 0.01796875 0.0703125
0 0.61328125 0.40390625 0.01171875 0.02421875