1 0.2 0.65859375 0.0734375 0.1359375
1 0.35703125 0.3734375 0.05 0.1015625
1 0.42109375 0.36953125 0.053125 0.109375
1 0.52421875 0.25 0.040625 0.0875
1 0.60546875 0.2765625 0.046875 0.10625
1 0.628125 0.18203125 0.040625 0.0875
1 0.7359375 0.1875 0.0390625 0.0859375
1 0.83125 0.334375 0.05 0.1
1 0.9734375 0.31484375 0.04375 0.0859375
1 0.9578125 0.50625 0.059375 0.1203125
1 0.63125 0.6375 0.0578125 0.1171875
1 0.834375 0.83671875 0.071875 0.1359375
1 0.37578125 0.734375 0.0671875 0.1328125
0 0.74140625 0.3875 0.0203125 0.0375