1 0.13359375 0.48828125 0.01875 0.06875
1 0.17578125 0.6203125 0.021875 0.084375
1 0.18984375 0.71640625 0.028125 0.0953125
1 0.27421875 0.52578125 0.025 0.0828125
1 0.33984375 0.746875 0.0359375 0.1015625
1 0.35234375 0.60703125 0.025 0.08125
1 0.34609375 0.4109375 0.0171875 0.0640625
1 0.3515625 0.47578125 0.021875 0.0625
1 0.434375 0.65546875 0.0265625 0.0765625
1 0.46875 0.43515625 0.0234375 0.0734375
1 0.5109375 0.534375 0.015625 0.0625
1 0.52890625 0.478125 0.021875 0.0625
1 0.62890625 0.57265625 0.021875 0.075
1 0.65859375 0.6109375 0.0203125 0.0734375
1 0.71796875 0.60390625 0.0234375 0.0734375
1 0.75703125 0.44765625 0.01875 0.065625
1 0.76796875 0.72421875 0.025 0.09375
1 0.871875 0.55390625 0.0203125 0.078125