1 0.265625 0.35703125 0.0484375 0.115625
1 0.29453125 0.44140625 0.04375 0.121875
1 0.31640625 0.43984375 0.0375 0.1234375
1 0.3671875 0.465625 0.046875 0.1140625
1 0.415625 0.31796875 0.046875 0.1109375
1 0.5203125 0.48046875 0.0375 0.1265625
1 0.51875 0.3640625 0.034375 0.109375
1 0.6171875 0.3328125 0.0359375 0.1140625
1 0.53828125 0.3671875 0.0296875 0.1
1 0.67890625 0.44140625 0.0421875 0.1015625
1 0.665625 0.5640625 0.040625 0.121875
1 0.56328125 0.64453125 0.0515625 0.14375
1 0.51875 0.2765625 0.0328125 0.0671875