1 0.31875 0.47734375 0.02734375 0.1171875
1 0.278125 0.25859375 0.03125 0.1125
1 0.178125 0.38984375 0.03046875 0.12890625
1 0.565625 0.321875 0.02578125 0.10546875
1 0.4359375 0.39765625 0.02734375 0.10390625
1 0.64765625 0.36953125 0.034375 0.11796875
1 0.6453125 0.48046875 0.03046875 0.1109375
1 0.68671875 0.23203125 0.02265625 0.084375
1 0.43984375 0.1984375 0.02109375 0.09453125
1 0.79453125 0.32109375 0.02578125 0.0890625
1 0.7875 0.5109375 0.03125 0.11015625
1 0.7265625 0.83828125 0.0421875 0.1515625
1 0.546875 0.753125 0.02890625 0.146875
1 0.04140625 0.76796875 0.028125 0.140625
1 0.1375 0.4953125 0.02421875 0.1109375