1 0.05703125 0.6953125 0.04375 0.0625
1 0.18359375 0.490625 0.0375 0.06875
1 0.246875 0.41484375 0.028125 0.0625
1 0.259375 0.2609375 0.03125 0.06875
1 0.40234375 0.13515625 0.028125 0.0640625
1 0.453125 0.2046875 0.03125 0.0640625
1 0.4671875 0.103125 0.0203125 0.0609375
1 0.4984375 0.1765625 0.0234375 0.059375
1 0.58671875 0.25546875 0.0234375 0.0671875
1 0.60546875 0.16171875 0.0234375 0.0609375
1 0.6734375 0.45859375 0.0328125 0.0828125
1 0.759375 0.2484375 0.03125 0.0734375
1 0.821875 0.3296875 0.0375 0.0890625