1 0.61796875 0.7578125 0.053125 0.153125
1 0.53125 0.378125 0.04375 0.1109375
1 0.54921875 0.15703125 0.0296875 0.0828125
1 0.7265625 0.2234375 0.03125 0.0890625
1 0.346875 0.2765625 0.0328125 0.1
1 0.2953125 0.3375 0.0390625 0.0953125
1 0.28828125 0.49453125 0.0375 0.1046875
1 0.21953125 0.51328125 0.046875 0.10625
1 0.2140625 0.3984375 0.0375 0.09375
1 0.371875 0.62578125 0.0625 0.121875
1 0.3390625 0.70859375 0.0578125 0.1296875
1 0.45234375 0.7203125 0.04375 0.121875
1 0.42734375 0.79765625 0.0640625 0.1359375
1 0.80390625 0.6265625 0.0390625 0.13125
1 0.9203125 0.6296875 0.046875 0.1375
0 0.25078125 0.4453125 0.0203125 0.0375