1 0.228125 0.35546875 0.0375 0.096875
1 0.196875 0.446875 0.0484375 0.1078125
1 0.35078125 0.42578125 0.040625 0.0953125
1 0.28828125 0.3625 0.0421875 0.1015625
1 0.29765625 0.25390625 0.0328125 0.090625
1 0.37578125 0.68125 0.05625 0.1421875
1 0.30703125 0.82578125 0.0609375 0.1671875
1 0.421875 0.3609375 0.0375 0.1109375
1 0.4546875 0.25546875 0.040625 0.1
1 0.509375 0.33125 0.0390625 0.09375
1 0.54609375 0.40703125 0.0421875 0.103125
1 0.54140625 0.52578125 0.040625 0.1140625
1 0.615625 0.3625 0.0390625 0.125
1 0.5890625 0.59375 0.05625 0.1203125
1 0.81328125 0.490625 0.05 0.1359375
1 0.94765625 0.64609375 0.0515625 0.1421875