1 0.30625 0.7078125 0.0671875 0.1296875
1 0.46484375 0.74453125 0.06875 0.1546875
1 0.43046875 0.5984375 0.0546875 0.140625
1 0.30703125 0.5375 0.0625 0.1140625
1 0.3234375 0.4 0.0640625 0.1171875
1 0.39296875 0.340625 0.0484375 0.109375
1 0.42734375 0.28671875 0.0515625 0.10625
1 0.47421875 0.484375 0.0515625 0.11875
1 0.52734375 0.625 0.059375 0.1296875
1 0.653125 0.36484375 0.05625 0.115625
1 0.71015625 0.140625 0.0453125 0.0984375
1 0.85703125 0.7546875 0.059375 0.1640625
0 0.1375 0.64296875 0.025 0.0484375