1 0.06640625 0.58359375 0.059375 0.1359375
1 0.14453125 0.61953125 0.046875 0.125
1 0.34765625 0.44921875 0.040625 0.1046875
1 0.3609375 0.76953125 0.053125 0.1375
1 0.28984375 0.8578125 0.0609375 0.1625
1 0.15 0.3421875 0.0359375 0.0921875
1 0.41015625 0.35390625 0.046875 0.096875
1 0.60078125 0.2171875 0.046875 0.084375
1 0.578125 0.3734375 0.0328125 0.0890625
1 0.6765625 0.23515625 0.04375 0.084375
1 0.75390625 0.23515625 0.0359375 0.0765625
1 0.6875 0.475 0.0453125 0.103125
1 0.75078125 0.58984375 0.0515625 0.1265625
1 0.86796875 0.340625 0.040625 0.1046875
1 0.45859375 0.1796875 0.028125 0.071875
0 0.596875 0.3875 0.015625 0.025