0 0.21015625 0.58984375 0.0171875 0.03046875
1 0.12421875 0.4109375 0.02421875 0.0703125
1 0.41953125 0.3734375 0.01796875 0.0578125
1 0.5375 0.4375 0.0140625 0.07265625
1 0.575 0.60625 0.02734375 0.10703125
1 0.51484375 0.57890625 0.0453125 0.09921875
1 0.6421875 0.3796875 0.01953125 0.06796875
1 0.65 0.30546875 0.0140625 0.0484375
1 0.9171875 0.396875 0.02109375 0.065625
1 0.9609375 0.54296875 0.03359375 0.10703125
1 0.38359375 0.29609375 0.0140625 0.04765625
1 0.25078125 0.5546875 0.040625 0.09375