1 0.38671875 0.4578125 0.0515625 0.1109375
1 0.4984375 0.3515625 0.0484375 0.11875
1 0.6890625 0.46875 0.0484375 0.121875
1 0.603125 0.25078125 0.0421875 0.09375
1 0.70703125 0.2203125 0.0453125 0.0984375
1 0.75703125 0.215625 0.04375 0.09375
1 0.38671875 0.56640625 0.05 0.103125
1 0.853125 0.228125 0.034375 0.103125
1 0.92734375 0.4421875 0.0609375 0.125
1 0.9671875 0.3140625 0.040625 0.121875
1 0.98984375 0.70390625 0.0203125 0.1484375
1 0.94609375 0.82734375 0.0578125 0.1609375
0 0.64453125 0.5140625 0.01875 0.0421875