1 0.10078125 0.5703125 0.0515625 0.13125
1 0.1875 0.62265625 0.0578125 0.125
1 0.36015625 0.34453125 0.0390625 0.0953125
1 0.38125 0.43359375 0.0453125 0.0984375
1 0.43984375 0.40546875 0.05 0.0890625
1 0.41328125 0.78359375 0.0515625 0.1390625
1 0.3703125 0.8734375 0.0609375 0.1625
1 0.19609375 0.31796875 0.0421875 0.109375
1 0.60234375 0.34609375 0.04375 0.1078125
1 0.63515625 0.18515625 0.0359375 0.0921875
1 0.7140625 0.2 0.0375 0.0875
1 0.771875 0.20234375 0.0390625 0.0953125
1 0.7359375 0.48828125 0.04375 0.11875
1 0.90546875 0.56015625 0.0546875 0.121875