1 0.2734375 0.67109375 0.046875 0.12265625
1 0.42265625 0.734375 0.04296875 0.14921875
1 0.4140625 0.58515625 0.03125 0.13671875
1 0.303125 0.503125 0.04453125 0.1078125
1 0.34375 0.37109375 0.04609375 0.1109375
1 0.42265625 0.32421875 0.03046875 0.10546875
1 0.465625 0.27734375 0.034375 0.1015625
1 0.47734375 0.48046875 0.03203125 0.115625
1 0.50546875 0.628125 0.03828125 0.125
1 0.67421875 0.39375 0.0375 0.1109375
1 0.76953125 0.1828125 0.0296875 0.0953125
1 0.8078125 0.8125 0.0328125 0.16015625
0 0.11796875 0.578125 0.0171875 0.046875