1 0.33828125 0.62734375 0.046875 0.11875
1 0.30546875 0.80625 0.05625 0.146875
1 0.259375 0.43828125 0.0375 0.10625
1 0.0921875 0.390625 0.046875 0.1078125
1 0.52265625 0.5265625 0.0359375 0.1
1 0.4671875 0.39453125 0.034375 0.1
1 0.35234375 0.34921875 0.0359375 0.0875
1 0.42109375 0.3390625 0.040625 0.096875
1 0.3109375 0.2796875 0.04375 0.08125
1 0.2796875 0.35703125 0.05 0.0921875
1 0.553125 0.37421875 0.0390625 0.0859375
1 0.378125 0.23359375 0.03125 0.0796875
1 0.690625 0.61484375 0.046875 0.10625
1 0.73359375 0.55546875 0.04375 0.1125
1 0.51875 0.33203125 0.034375 0.08125
1 0.83046875 0.721875 0.0484375 0.1234375