1 0.52265625 0.5390625 0.03515625 0.125
1 0.30234375 0.67890625 0.0265625 0.1265625
1 0.28203125 0.84140625 0.03359375 0.14296875
1 0.21484375 0.49453125 0.0328125 0.12421875
1 0.30625 0.39921875 0.03125 0.1015625
1 0.25234375 0.309375 0.02578125 0.084375
1 0.40234375 0.3375 0.0265625 0.09375
1 0.528125 0.3640625 0.02890625 0.096875
1 0.490625 0.32734375 0.02109375 0.0828125
1 0.70703125 0.6015625 0.03125 0.1046875
1 0.36640625 0.24375 0.0265625 0.08671875
1 0.72890625 0.5515625 0.021875 0.1046875
1 0.846875 0.6734375 0.03984375 0.1265625
1 0.33203125 0.37578125 0.02578125 0.0890625
0 0.38203125 0.27109375 0.0125 0.02265625