1 0.36015625 0.65078125 0.02890625 0.115625
1 0.35546875 0.8328125 0.03359375 0.14296875
1 0.25234375 0.4765625 0.02109375 0.10390625
1 0.0796875 0.45546875 0.03046875 0.1046875
1 0.5265625 0.52265625 0.02109375 0.09765625
1 0.45078125 0.40078125 0.01875 0.09765625
1 0.33046875 0.37421875 0.02265625 0.084375
1 0.396875 0.353125 0.0265625 0.09453125
1 0.27890625 0.31171875 0.0328125 0.07734375
1 0.26015625 0.39296875 0.0359375 0.08828125
1 0.5328125 0.3671875 0.02578125 0.0828125
1 0.33828125 0.25625 0.01953125 0.07734375
1 0.70625 0.58359375 0.03046875 0.10234375
1 0.7390625 0.51796875 0.0265625 0.109375
1 0.4921875 0.33125 0.021875 0.078125
1 0.8609375 0.6671875 0.03046875 0.1203125