1 0.03359375 0.6140625 0.021875 0.12578125
1 0.09453125 0.5765625 0.02578125 0.11328125
1 0.10078125 0.478125 0.025 0.08125
1 0.3171875 0.33671875 0.02109375 0.0703125
1 0.31640625 0.41640625 0.0171875 0.0703125
1 0.36171875 0.37109375 0.02265625 0.05625
1 0.43046875 0.40546875 0.02890625 0.06328125
1 0.4796875 0.4953125 0.01875 0.0828125
1 0.54453125 0.55625 0.0296875 0.0875
1 0.45 0.67265625 0.025 0.10703125
1 0.634375 0.65234375 0.02578125 0.10625
1 0.51328125 0.3984375 0.01953125 0.07421875
1 0.628125 0.3046875 0.01875 0.05703125
1 0.65546875 0.3328125 0.0140625 0.07265625
1 0.67421875 0.3578125 0.01171875 0.0578125
1 0.7203125 0.3640625 0.01953125 0.0640625
1 0.71953125 0.521875 0.02265625 0.0859375
1 0.759375 0.46015625 0.01796875 0.0921875
1 0.8140625 0.503125 0.0203125 0.08984375