1 0.26328125 0.7078125 0.03125 0.1375
1 0.2171875 0.61015625 0.028125 0.1359375
1 0.2265625 0.4078125 0.028125 0.1140625
1 0.32890625 0.2609375 0.025 0.09140625
1 0.40625 0.46875 0.0375 0.08359375
1 0.43203125 0.64296875 0.02890625 0.12109375
1 0.53515625 0.6140625 0.03515625 0.12421875
1 0.56953125 0.58203125 0.025 0.125
1 0.5234375 0.490625 0.03046875 0.103125
1 0.53203125 0.34609375 0.028125 0.08125
1 0.6078125 0.40703125 0.02578125 0.096875
1 0.81171875 0.28671875 0.02109375 0.06484375
1 0.78359375 0.671875 0.02890625 0.11484375
1 0.8453125 0.82265625 0.03125 0.13046875
1 0.3546875 0.58828125 0.03671875 0.1171875
0 0.3796875 0.63984375 0.0140625 0.0296875