1 0.05390625 0.678125 0.0390625 0.128125
1 0.109375 0.63203125 0.040625 0.115625
1 0.1015625 0.53359375 0.0359375 0.084375
1 0.29609375 0.3640625 0.03125 0.071875
1 0.30625 0.44296875 0.0265625 0.071875
1 0.3453125 0.39140625 0.0296875 0.059375
1 0.41796875 0.41640625 0.0375 0.0671875
1 0.47890625 0.4984375 0.0296875 0.084375
1 0.5515625 0.54921875 0.0421875 0.090625
1 0.47421875 0.678125 0.0390625 0.109375
1 0.65390625 0.63203125 0.040625 0.109375
1 0.49921875 0.39765625 0.0296875 0.0765625
1 0.6 0.2890625 0.0265625 0.059375
1 0.63046875 0.3125 0.0234375 0.0734375
1 0.653125 0.33515625 0.0203125 0.059375
1 0.69921875 0.334375 0.028125 0.065625
1 0.7203125 0.49140625 0.034375 0.0875
1 0.7515625 0.42421875 0.03125 0.09375
1 0.81171875 0.459375 0.0328125 0.0921875