1 0.09140625 0.5328125 0.03515625 0.1296875
1 0.17890625 0.60546875 0.040625 0.1203125
1 0.259375 0.28125 0.0390625 0.1046875
1 0.3546875 0.3171875 0.0265625 0.08125
1 0.39375 0.4390625 0.03984375 0.11484375
1 0.3328125 0.90546875 0.0359375 0.15
1 0.57890625 0.36875 0.02734375 0.0921875
1 0.61796875 0.3484375 0.03046875 0.09375
1 0.7109375 0.2140625 0.01953125 0.09765625
1 0.7515625 0.246875 0.0203125 0.0890625
1 0.85859375 0.25078125 0.021875 0.08828125
1 0.771875 0.553125 0.02421875 0.12109375
0 0.3046875 0.36796875 0.0125 0.034375