1 0.10078125 0.47265625 0.053125 0.1046875
1 0.06796875 0.2859375 0.0453125 0.1
1 0.1875 0.6359375 0.05 0.1015625
1 0.2671875 0.3953125 0.0484375 0.1046875
1 0.3640625 0.25859375 0.0390625 0.0796875
1 0.34453125 0.33984375 0.0359375 0.0828125
1 0.50546875 0.35234375 0.0375 0.08125
1 0.43359375 0.59140625 0.04375 0.1046875
1 0.46796875 0.58046875 0.0484375 0.10625
1 0.6625 0.54765625 0.0390625 0.09375
1 0.5640625 0.365625 0.0375 0.0890625
1 0.721875 0.4640625 0.0375 0.0828125
1 0.74609375 0.5671875 0.04375 0.10625
1 0.83125 0.4125 0.0359375 0.0921875
1 0.8515625 0.4234375 0.0375 0.096875
1 0.91796875 0.571875 0.0390625 0.0921875
1 0.82421875 0.76875 0.0484375 0.1125