1 0.13828125 0.7671875 0.0375 0.146875
1 0.07890625 0.71796875 0.0390625 0.1359375
1 0.19453125 0.48203125 0.03125 0.1125
1 0.23046875 0.46953125 0.034375 0.11875
1 0.26796875 0.27109375 0.0265625 0.0984375
1 0.45234375 0.18203125 0.0265625 0.0890625
1 0.38125 0.46328125 0.0328125 0.1125
1 0.46953125 0.4015625 0.0328125 0.1046875
1 0.57734375 0.32109375 0.0328125 0.1
1 0.66328125 0.36640625 0.025 0.10625
1 0.69609375 0.46015625 0.0296875 0.1078125
1 0.6640625 0.72265625 0.0453125 0.1390625
1 0.8359375 0.47421875 0.0265625 0.1171875
1 0.784375 0.3046875 0.025 0.1015625
1 0.83515625 0.76015625 0.0546875 0.14375
1 0.75625 0.1984375 0.03125 0.0859375
0 0.6421875 0.33203125 0.01875 0.025