1 0.36015625 0.63828125 0.03125 0.1234375
1 0.2671875 0.81640625 0.03671875 0.14921875
1 0.25234375 0.41875 0.03203125 0.0984375
1 0.20234375 0.40703125 0.0265625 0.1046875
1 0.27265625 0.32109375 0.0171875 0.09140625
1 0.2921875 0.3359375 0.01953125 0.090625
1 0.41328125 0.5625 0.0265625 0.1171875
1 0.29921875 0.2265625 0.0265625 0.09609375
1 0.50390625 0.5375 0.03515625 0.1078125
1 0.51640625 0.3484375 0.025 0.10234375
1 0.45703125 0.24140625 0.0296875 0.096875
1 0.58359375 0.44375 0.01953125 0.1109375
1 0.6203125 0.38984375 0.02421875 0.103125
1 0.7609375 0.5140625 0.025 0.13046875
0 0.19921875 0.4640625 0.0140625 0.025