1 0.2078125 0.50390625 0.04375 0.1125
1 0.253125 0.49140625 0.0453125 0.0984375
1 0.30859375 0.48984375 0.034375 0.109375
1 0.33515625 0.41953125 0.046875 0.0890625
1 0.37890625 0.33203125 0.0328125 0.08125
1 0.38125 0.47890625 0.040625 0.090625
1 0.40703125 0.44921875 0.028125 0.0859375
1 0.42578125 0.37421875 0.04375 0.0796875
1 0.52265625 0.403125 0.0484375 0.0875
1 0.58125 0.52109375 0.0421875 0.125
1 0.6046875 0.48125 0.0375 0.1109375
1 0.70234375 0.578125 0.0453125 0.1234375
1 0.71953125 0.77578125 0.0703125 0.146875
0 0.446875 0.48359375 0.01875 0.0296875
1 0.2765625 0.353125 0.0390625 0.09375