1 0.0578125 0.48984375 0.01953125 0.08984375
1 0.0875 0.465625 0.02265625 0.090625
1 0.06953125 0.57265625 0.01796875 0.09921875
1 0.2625 0.36484375 0.02109375 0.0796875
1 0.34375 0.41484375 0.02265625 0.08515625
1 0.234375 0.45625 0.015625 0.08203125
1 0.40078125 0.54765625 0.03046875 0.1015625
1 0.44140625 0.7109375 0.02734375 0.10546875
1 0.57421875 0.6828125 0.02890625 0.11796875
1 0.46484375 0.40546875 0.01796875 0.0703125
1 0.53125 0.48984375 0.025 0.0625
1 0.69609375 0.5078125 0.02890625 0.0734375
1 0.73359375 0.5 0.0234375 0.1
1 0.66875 0.36484375 0.01953125 0.065625
1 0.71640625 0.39296875 0.0203125 0.059375
1 0.52578125 0.31796875 0.0171875 0.06171875