1 0.2296875 0.7875 0.03359375 0.146875
1 0.41015625 0.46953125 0.0359375 0.0859375
1 0.428125 0.725 0.03046875 0.13515625
1 0.53515625 0.87421875 0.028125 0.15625
1 0.48515625 0.51015625 0.0296875 0.10390625
1 0.5203125 0.31484375 0.01953125 0.1015625
1 0.596875 0.5359375 0.02578125 0.13046875
1 0.78671875 0.3984375 0.0203125 0.09921875
1 0.746875 0.81796875 0.034375 0.13828125
1 0.334375 0.2546875 0.01953125 0.09296875
1 0.915625 0.54375 0.03671875 0.13984375
1 0.96484375 0.6390625 0.03125 0.125
1 0.96796875 0.93125 0.03515625 0.1375
1 0.5109375 0.41640625 0.028125 0.09921875
0 0.359375 0.28046875 0.0125 0.0296875