1 0.4375 0.59609375 0.0421875 0.1046875
1 0.37890625 0.534375 0.0390625 0.103125
1 0.27265625 0.44921875 0.0359375 0.075
1 0.30078125 0.3640625 0.03125 0.071875
1 0.18828125 0.36953125 0.034375 0.075
1 0.46796875 0.4015625 0.028125 0.071875
1 0.5203125 0.50859375 0.0390625 0.0984375
1 0.628125 0.3484375 0.0296875 0.0703125
1 0.8328125 0.43984375 0.0328125 0.0921875
1 0.80625 0.56484375 0.034375 0.09375
1 0.85390625 0.65625 0.0390625 0.0859375
1 0.77578125 0.66796875 0.03125 0.090625
1 0.90703125 0.4390625 0.0234375 0.0734375
0 0.7359375 0.7078125 0.015625 0.0265625
1 0.928125 0.57421875 0.0359375 0.084375