1 0.18359375 0.4515625 0.0375 0.1109375
1 0.19296875 0.64609375 0.0375 0.1234375
1 0.29765625 0.28984375 0.0265625 0.103125
1 0.24453125 0.78359375 0.0421875 0.153125
1 0.41796875 0.68046875 0.0375 0.1375
1 0.4515625 0.4890625 0.0328125 0.109375
1 0.47421875 0.6125 0.04375 0.1109375
1 0.5671875 0.49765625 0.0296875 0.109375
1 0.60546875 0.55703125 0.0359375 0.1109375
1 0.63046875 0.4109375 0.0265625 0.1046875
1 0.60234375 0.3859375 0.028125 0.1140625
1 0.83046875 0.67265625 0.0359375 0.125
1 0.771875 0.334375 0.034375 0.103125
1 0.91953125 0.8140625 0.04375 0.146875
0 0.209375 0.5 0.015625 0.028125
1 0.39296875 0.61015625 0.046875 0.11875