1 0.0375 0.6046875 0.05 0.12578125
1 0.103125 0.41875 0.03515625 0.078125
1 0.37890625 0.66484375 0.04140625 0.146875
1 0.50703125 0.6875 0.04140625 0.15703125
1 0.3890625 0.51484375 0.03125 0.1125
1 0.3859375 0.4046875 0.02421875 0.07890625
1 0.3640625 0.31171875 0.0140625 0.05625
1 0.4328125 0.31640625 0.01484375 0.05703125
1 0.46640625 0.46484375 0.0234375 0.1015625
1 0.50859375 0.47265625 0.0234375 0.09765625
1 0.5328125 0.53671875 0.01875 0.11796875
1 0.58046875 0.5125 0.021875 0.1046875
1 0.68359375 0.51328125 0.03125 0.10703125
1 0.61484375 0.428125 0.02265625 0.10859375