1 0.1203125 0.378125 0.021875 0.0921875
1 0.11484375 0.5703125 0.02421875 0.10234375
1 0.22109375 0.54453125 0.01796875 0.10078125
1 0.24765625 0.2875 0.02578125 0.07734375
1 0.33203125 0.46015625 0.0234375 0.08359375
1 0.38828125 0.42265625 0.02109375 0.09453125
1 0.1921875 0.18046875 0.01875 0.071875
1 0.36328125 0.73984375 0.0265625 0.1046875
1 0.58046875 0.42421875 0.021875 0.09296875
1 0.6703125 0.31875 0.01953125 0.08828125
1 0.78984375 0.3421875 0.025 0.1
1 0.8546875 0.68125 0.02421875 0.11484375
0 0.81171875 0.696875 0.0171875 0.03125