1 0.1 0.66953125 0.0421875 0.1140625
1 0.1484375 0.53828125 0.034375 0.0921875
1 0.1796875 0.63125 0.0390625 0.1078125
1 0.3125 0.38046875 0.028125 0.0671875
1 0.41875 0.40859375 0.034375 0.078125
1 0.3890625 0.4484375 0.040625 0.08125
1 0.359375 0.4484375 0.0265625 0.0828125
1 0.509375 0.50625 0.028125 0.06875
1 0.52734375 0.4296875 0.0265625 0.06875
1 0.534375 0.55546875 0.0359375 0.075
1 0.51484375 0.69921875 0.040625 0.1109375
1 0.67109375 0.64296875 0.0375 0.1109375
1 0.65234375 0.3328125 0.0265625 0.065625
1 0.69296875 0.33984375 0.0234375 0.0609375
1 0.73046875 0.34296875 0.028125 0.0671875
1 0.7359375 0.4265625 0.040625 0.0828125
1 0.7375 0.4953125 0.0296875 0.08125
1 0.82421875 0.4625 0.0328125 0.0984375
0 0.48203125 0.45390625 0.0203125 0.0375