1 0.23125 0.8921875 0.03359375 0.16484375
1 0.17890625 0.64453125 0.028125 0.1390625
1 0.41640625 0.70234375 0.0265625 0.1578125
1 0.50234375 0.63125 0.0234375 0.1375
1 0.55859375 0.690625 0.03125 0.12578125
1 0.89140625 0.728125 0.02578125 0.1421875
1 0.53671875 0.45234375 0.02578125 0.10234375
1 0.62421875 0.4875 0.02578125 0.10546875
1 0.70859375 0.521875 0.0203125 0.1078125
1 0.86015625 0.36640625 0.0265625 0.11796875
1 0.6796875 0.34921875 0.03046875 0.1109375
1 0.38125 0.26796875 0.028125 0.1046875
1 0.14296875 0.42890625 0.02578125 0.11796875
0 0.434375 0.31328125 0.015625 0.0359375