1 0.02578125 0.44921875 0.028125 0.12265625
1 0.1015625 0.35859375 0.03046875 0.0984375
1 0.17890625 0.2890625 0.0265625 0.09296875
1 0.21171875 0.4671875 0.0390625 0.09375
1 0.17578125 0.42890625 0.0234375 0.0953125
1 0.37578125 0.4640625 0.0265625 0.10625
1 0.41484375 0.43125 0.02734375 0.0875
1 0.6734375 0.5578125 0.03046875 0.10546875
1 0.54375 0.375 0.0421875 0.0921875
1 0.44140625 0.37890625 0.028125 0.10390625
1 0.63046875 0.809375 0.03671875 0.13671875
1 0.52734375 0.44453125 0.04453125 0.08359375