1 0.3234375 0.56640625 0.04375 0.1109375
1 0.21796875 0.31328125 0.02890625 0.09765625
1 0.328125 0.36171875 0.02578125 0.09921875
1 0.29453125 0.2359375 0.02109375 0.0859375
1 0.371875 0.25078125 0.028125 0.09375
1 0.4203125 0.56015625 0.03125 0.1125
1 0.465625 0.2265625 0.025 0.09765625
1 0.55625 0.28125 0.0234375 0.10234375
1 0.6453125 0.37109375 0.02421875 0.090625
1 0.6453125 0.2953125 0.0265625 0.08671875
1 0.7140625 0.3296875 0.02421875 0.10078125
1 0.73359375 0.2203125 0.0203125 0.08828125
1 0.77109375 0.24140625 0.02265625 0.09296875
1 0.79375 0.3625 0.01953125 0.11015625
1 0.79453125 0.5984375 0.02265625 0.125
1 0.9015625 0.528125 0.0359375 0.1359375
0 0.3640625 0.4953125 0.01640625 0.0421875