1 0.10703125 0.43203125 0.034375 0.09375
1 0.128125 0.6234375 0.0375 0.1046875
1 0.2296875 0.5828125 0.03125 0.1015625
1 0.2203125 0.325 0.0359375 0.0796875
1 0.328125 0.48359375 0.034375 0.0859375
1 0.37890625 0.4390625 0.034375 0.096875
1 0.15078125 0.2265625 0.028125 0.0734375
1 0.39765625 0.75625 0.040625 0.1078125
1 0.56875 0.4140625 0.034375 0.0953125
1 0.64375 0.296875 0.03125 0.090625
1 0.76484375 0.303125 0.0390625 0.103125
1 0.8765625 0.63046875 0.040625 0.1171875
0 0.8359375 0.6515625 0.021875 0.0328125