1 0.39609375 0.67109375 0.02109375 0.09765625
1 0.440625 0.62109375 0.02578125 0.103125
1 0.20703125 0.703125 0.02265625 0.09375
1 0.14296875 0.5890625 0.0265625 0.0875
1 0.0921875 0.43046875 0.01953125 0.07734375
1 0.2734375 0.49140625 0.01484375 0.08984375
1 0.34140625 0.35234375 0.01953125 0.0625
1 0.33515625 0.43046875 0.0171875 0.07265625
1 0.39375 0.49453125 0.01640625 0.06875
1 0.4859375 0.38984375 0.01640625 0.06640625
1 0.50859375 0.509375 0.0140625 0.0703125
1 0.55546875 0.41640625 0.0171875 0.0640625
1 0.65390625 0.56015625 0.01640625 0.07734375
1 0.690625 0.51640625 0.01640625 0.090625
1 0.78203125 0.4171875 0.01953125 0.07734375
1 0.7375 0.56484375 0.01640625 0.07734375
1 0.87109375 0.53125 0.0140625 0.0765625
1 0.82421875 0.715625 0.028125 0.07578125