1 0.80546875 0.56484375 0.0375 0.134375
1 0.4859375 0.5140625 0.053125 0.0921875
1 0.33125 0.525 0.0703125 0.10625
1 0.2234375 0.35625 0.040625 0.090625
1 0.3546875 0.40625 0.05 0.1
1 0.03515625 0.48515625 0.0359375 0.11875
1 0.3015625 0.27890625 0.034375 0.0828125
1 0.37734375 0.27421875 0.0375 0.096875
1 0.475 0.25078125 0.0453125 0.0828125
1 0.58515625 0.29609375 0.0375 0.096875
1 0.6421875 0.29921875 0.034375 0.09375
1 0.6546875 0.39375 0.0390625 0.096875
1 0.73671875 0.1953125 0.0296875 0.084375
1 0.76796875 0.225 0.03125 0.084375
1 0.75625 0.3046875 0.034375 0.1
1 0.80625 0.33671875 0.034375 0.1015625
1 0.884375 0.50546875 0.0390625 0.1265625