1 0.09375 0.52421875 0.02734375 0.1125
1 0.23203125 0.496875 0.02421875 0.1046875
1 0.24296875 0.4015625 0.0265625 0.0859375
1 0.39453125 0.66484375 0.0265625 0.13046875
1 0.30078125 0.41640625 0.02734375 0.09140625
1 0.3546875 0.48125 0.02734375 0.10703125
1 0.3984375 0.44296875 0.01484375 0.07734375
1 0.42109375 0.44140625 0.03359375 0.0828125
1 0.48203125 0.4734375 0.03359375 0.08515625
1 0.5390625 0.56953125 0.0265625 0.10546875
1 0.78046875 0.63828125 0.0265625 0.10625
1 0.8625 0.7109375 0.0328125 0.13671875