1 0.32109375 0.56015625 0.046875 0.1125
1 0.225 0.30390625 0.0328125 0.0984375
1 0.3328125 0.35546875 0.0296875 0.1
1 0.30390625 0.22890625 0.0234375 0.0859375
1 0.38046875 0.24609375 0.03125 0.0953125
1 0.41796875 0.55703125 0.0359375 0.1140625
1 0.475 0.22578125 0.028125 0.0984375
1 0.5640625 0.28359375 0.0265625 0.103125
1 0.65 0.3765625 0.028125 0.0921875
1 0.65234375 0.30078125 0.0296875 0.0875
1 0.71953125 0.3375 0.028125 0.1015625
1 0.74296875 0.22890625 0.0234375 0.0890625
1 0.7796875 0.25078125 0.0265625 0.09375
1 0.7984375 0.37265625 0.0234375 0.1109375
1 0.790625 0.60859375 0.0265625 0.125
1 0.9 0.5421875 0.040625 0.1375
0 0.3640625 0.490625 0.0171875 0.0421875