1 0.09765625 0.41953125 0.03125 0.125
1 0.24609375 0.36796875 0.0359375 0.1140625
1 0.3921875 0.36171875 0.01953125 0.08984375
1 0.42734375 0.6625 0.04609375 0.1328125
1 0.43984375 0.4078125 0.0296875 0.09609375
1 0.475 0.2609375 0.0375 0.0953125
1 0.64765625 0.303125 0.034375 0.090625
1 0.78671875 0.48984375 0.04921875 0.10546875
1 0.91484375 0.84453125 0.04296875 0.13359375
1 0.83359375 0.946875 0.04140625 0.10625
1 0.53984375 0.4890625 0.03203125 0.0984375
0 0.79921875 0.37265625 0.01484375 0.02578125
1 0.12265625 0.2125 0.028125 0.096875