1 0.09140625 0.38828125 0.0328125 0.1015625
1 0.309375 0.35859375 0.0390625 0.0921875
1 0.41953125 0.21328125 0.028125 0.075
1 0.48359375 0.31875 0.0390625 0.0890625
1 0.5328125 0.48515625 0.0515625 0.1015625
1 0.38671875 0.575 0.0359375 0.1109375
1 0.46953125 0.67578125 0.05 0.125
1 0.55859375 0.63125 0.040625 0.1234375
1 0.59296875 0.61875 0.0359375 0.11875
1 0.628125 0.73828125 0.0453125 0.11875
1 0.7125 0.37109375 0.0375 0.0859375
1 0.69921875 0.50546875 0.0328125 0.109375
1 0.74296875 0.5828125 0.0375 0.115625
0 0.5125 0.5828125 0.0203125 0.0421875