1 0.24296875 0.30625 0.040625 0.08125
1 0.0953125 0.6015625 0.0359375 0.11875
1 0.1296875 0.69609375 0.03359375 0.1390625
1 0.25703125 0.921875 0.03046875 0.15546875
1 0.3328125 0.9546875 0.0390625 0.090625
1 0.42578125 0.334375 0.02734375 0.09453125
1 0.4515625 0.52734375 0.0375 0.1140625
1 0.65546875 0.2125 0.028125 0.06953125
1 0.6828125 0.3890625 0.03359375 0.10859375
1 0.73203125 0.240625 0.01875 0.0796875
1 0.72421875 0.41953125 0.03203125 0.0953125
1 0.7984375 0.63125 0.03671875 0.1328125
1 0.9359375 0.296875 0.0359375 0.1125
0 0.24296875 0.3625 0.01640625 0.0296875