1 0.2546875 0.859375 0.0328125 0.134375
1 0.3234375 0.64453125 0.03125 0.121875
1 0.26171875 0.475 0.0265625 0.1
1 0.23203125 0.65078125 0.046875 0.109375
1 0.1421875 0.46953125 0.0265625 0.103125
1 0.29609375 0.275 0.0328125 0.0953125
1 0.48125 0.321875 0.0265625 0.0875
1 0.53125 0.41875 0.021875 0.1046875
1 0.55078125 0.40703125 0.028125 0.096875
1 0.5796875 0.37421875 0.028125 0.10625
1 0.615625 0.3515625 0.021875 0.0953125
1 0.91875 0.30390625 0.021875 0.075
1 0.95625 0.3828125 0.021875 0.1
1 0.9109375 0.88125 0.0296875 0.146875
0 0.62578125 0.27890625 0.0125 0.034375
1 0.9765625 0.7109375 0.03125 0.1296875