2 0.41953125 0.4703125 0.02734375 0.11796875
0 0.4484375 0.475 0.02265625 0.1078125
2 0.5234375 0.403125 0.0265625 0.11171875
2 0.7375 0.49921875 0.034375 0.1015625
0 0.84296875 0.56953125 0.03203125 0.11328125
0 0.58671875 0.42421875 0.02578125 0.13671875
2 0.615625 0.46484375 0.0265625 0.1015625
2 0.31875 0.3328125 0.02734375 0.08984375
2 0.36953125 0.44140625 0.02578125 0.09921875
2 0.1921875 0.3546875 0.0234375 0.09140625
2 0.04375 0.340625 0.025 0.11640625
3 0.19296875 0.28828125 0.02421875 0.05546875
0 0.16015625 0.25546875 0.0296875 0.09296875