2 0.38984375 0.55 0.04375 0.109375
2 0.50859375 0.6484375 0.040625 0.1171875
0 0.690625 0.51796875 0.040625 0.1203125
2 0.6203125 0.74140625 0.0359375 0.0921875
0 0.72578125 0.7640625 0.0390625 0.096875
0 0.77578125 0.76640625 0.0375 0.090625
0 0.3828125 0.4421875 0.0421875 0.1
2 0.87109375 0.746875 0.028125 0.103125
0 0.93046875 0.52734375 0.053125 0.1234375
2 0.9796875 0.653125 0.0328125 0.1203125
0 0.984375 0.2609375 0.03125 0.146875
2 0.921875 0.14296875 0.046875 0.1578125
1 0.64296875 0.47578125 0.015625 0.0421875