0 0.67109375 0.859375 0.05625 0.146875
0 0.88046875 0.43671875 0.040625 0.1046875
2 0.78671875 0.46015625 0.0484375 0.1140625
2 0.69140625 0.6 0.040625 0.1109375
0 0.746875 0.51328125 0.0359375 0.0984375
0 0.7859375 0.26875 0.03125 0.084375
0 0.58828125 0.40546875 0.04375 0.109375
0 0.4671875 0.45234375 0.040625 0.1015625
2 0.440625 0.4109375 0.034375 0.096875
2 0.3921875 0.44453125 0.034375 0.10625
2 0.61171875 0.26875 0.0375 0.0796875
0 0.659375 0.346875 0.0375 0.0734375
2 0.1109375 0.615625 0.0453125 0.128125
2 0.7 0.365625 0.03125 0.06875
2 0.5625 0.39296875 0.040625 0.0890625
3 0.703125 0.41328125 0.0359375 0.0875