2 0.80390625 0.16875 0.0640625 0.1484375
0 0.87109375 0.20546875 0.0640625 0.1390625
0 0.803125 0.459375 0.053125 0.115625
2 0.7703125 0.47890625 0.0546875 0.1203125
0 0.771875 0.68046875 0.0453125 0.1
2 0.6078125 0.803125 0.04375 0.0921875
0 0.6234375 0.51328125 0.053125 0.115625
0 0.54921875 0.590625 0.0515625 0.1078125
0 0.4578125 0.68984375 0.05 0.103125
2 0.36484375 0.6625 0.04375 0.1078125
0 0.31484375 0.5765625 0.0484375 0.109375
0 0.29609375 0.3125 0.0703125 0.14375
2 0.175 0.5890625 0.0484375 0.11875
2 0.25859375 0.74609375 0.04375 0.103125
2 0.12109375 0.30859375 0.0796875 0.1484375
2 0.30625 0.84453125 0.046875 0.0890625
1 0.39296875 0.6921875 0.021875 0.028125
3 0.5453125 0.465625 0.0703125 0.14375