2 0.58359375 0.4828125 0.053125 0.128125
0 0.71953125 0.47265625 0.046875 0.1203125
2 0.8234375 0.44609375 0.05625 0.13125
2 0.8453125 0.365625 0.0578125 0.125
0 0.21171875 0.7703125 0.05 0.109375
2 0.42578125 0.66953125 0.04375 0.084375
0 0.471875 0.6515625 0.05 0.1125
2 0.56484375 0.70546875 0.0484375 0.0890625
2 0.43046875 0.74375 0.04375 0.1046875
0 0.5390625 0.7578125 0.0515625 0.10625
1 0.18203125 0.72890625 0.0234375 0.0328125
0 0.0546875 0.67578125 0.0703125 0.1515625
3 0.40859375 0.75390625 0.0484375 0.11875
0 0.8671875 0.1328125 0.0796875 0.1625