0 0.79140625 0.478125 0.034375 0.1109375
2 0.74453125 0.46953125 0.0375 0.096875
0 0.68984375 0.4734375 0.025 0.1078125
2 0.6578125 0.40546875 0.040625 0.0859375
2 0.60625 0.321875 0.0265625 0.0796875
0 0.61640625 0.46875 0.0328125 0.0890625
2 0.58828125 0.44140625 0.021875 0.0859375
2 0.56328125 0.36796875 0.0375 0.078125
0 0.46875 0.40546875 0.0421875 0.0859375
2 0.42109375 0.528125 0.0328125 0.1234375
0 0.39375 0.490625 0.028125 0.109375
0 0.3046875 0.5953125 0.0359375 0.121875
2 0.30546875 0.79375 0.059375 0.14375
1 0.55078125 0.47890625 0.015625 0.028125
0 0.709375 0.334375 0.03125 0.0921875