0 0.7921875 0.509375 0.0453125 0.1125
2 0.746875 0.4953125 0.046875 0.0984375
0 0.69140625 0.49296875 0.0359375 0.109375
2 0.66640625 0.42265625 0.0484375 0.0890625
2 0.62421875 0.33359375 0.034375 0.08125
0 0.61953125 0.48125 0.0421875 0.0921875
2 0.59375 0.45078125 0.0296875 0.0859375
2 0.5765625 0.375 0.04375 0.08125
0 0.47890625 0.40234375 0.05 0.0890625
2 0.41875 0.51953125 0.0453125 0.125
0 0.3953125 0.4796875 0.0390625 0.1109375
0 0.29609375 0.57421875 0.046875 0.1234375
2 0.27578125 0.771875 0.0734375 0.1484375
1 0.553125 0.484375 0.01875 0.0296875
0 0.72578125 0.35703125 0.040625 0.09375