2 0.08203125 0.40390625 0.03125 0.128125
0 0.51640625 0.43984375 0.03125 0.1109375
2 0.62109375 0.45703125 0.034375 0.1078125
2 0.70859375 0.5234375 0.025 0.1140625
0 0.75078125 0.65546875 0.0296875 0.128125
2 0.753125 0.815625 0.0375 0.15
2 0.7984375 0.62734375 0.0296875 0.134375
2 0.8109375 0.44609375 0.0359375 0.1
0 0.8953125 0.57421875 0.03125 0.1203125
0 0.625 0.3484375 0.025 0.0875
2 0.54609375 0.25859375 0.028125 0.078125
1 0.3984375 0.39921875 0.015625 0.034375
3 0.5640625 0.42421875 0.040625 0.121875