0 0.90234375 0.54921875 0.0453125 0.1296875
2 0.81875 0.60625 0.0515625 0.125
2 0.63203125 0.3375 0.034375 0.09375
0 0.61484375 0.42734375 0.040625 0.096875
2 0.55546875 0.40234375 0.0453125 0.0875
2 0.6015625 0.778125 0.0453125 0.1390625
0 0.64921875 0.86640625 0.053125 0.1625
0 0.79453125 0.30234375 0.0359375 0.109375
0 0.38984375 0.3515625 0.0390625 0.1078125
2 0.34921875 0.1921875 0.03125 0.0921875
0 0.2703125 0.2109375 0.0328125 0.0859375
2 0.2125 0.2171875 0.034375 0.0953125
2 0.2640625 0.50078125 0.0375 0.11875
0 0.09765625 0.58125 0.0484375 0.1203125
3 0.275 0.34609375 0.040625 0.1203125