0 0.03359375 0.6140625 0.021875 0.12578125
2 0.09453125 0.5765625 0.02578125 0.11328125
2 0.10078125 0.478125 0.025 0.08125
0 0.3171875 0.33671875 0.02109375 0.0703125
0 0.31640625 0.41640625 0.0171875 0.0703125
2 0.36171875 0.37109375 0.02265625 0.05625
2 0.43046875 0.40546875 0.02890625 0.06328125
2 0.4796875 0.4953125 0.01875 0.0828125
0 0.54453125 0.55625 0.0296875 0.0875
0 0.45 0.67265625 0.025 0.10703125
2 0.634375 0.65234375 0.02578125 0.10625
0 0.51328125 0.3984375 0.01953125 0.07421875
0 0.628125 0.3046875 0.01875 0.05703125
0 0.65546875 0.3328125 0.0140625 0.07265625
0 0.67421875 0.3578125 0.01171875 0.0578125
2 0.7203125 0.3640625 0.01953125 0.0640625
2 0.71953125 0.521875 0.02265625 0.0859375
2 0.759375 0.46015625 0.01796875 0.0921875
0 0.8140625 0.503125 0.0203125 0.08984375
3 0.48828125 0.83046875 0.04453125 0.1328125
3 0.4375 0.26953125 0.021875 0.0828125
3 0.59921875 0.4265625 0.02421875 0.078125