2 0.13125 0.35 0.05 0.1234375
0 0.37578125 0.2953125 0.0453125 0.0953125
2 0.4109375 0.31640625 0.0296875 0.0921875
0 0.46953125 0.3203125 0.046875 0.0859375
0 0.56484375 0.45546875 0.046875 0.1046875
2 0.59921875 0.4796875 0.0421875 0.1140625
0 0.64453125 0.35703125 0.046875 0.10625
2 0.5703125 0.26484375 0.0390625 0.0859375
2 0.7421875 0.55390625 0.0484375 0.121875
0 0.828125 0.5 0.046875 0.1140625
2 0.68125 0.81875 0.05 0.1328125
2 0.76640625 0.66875 0.0421875 0.121875
0 0.73515625 0.709375 0.046875 0.1296875
0 0.8734375 0.64296875 0.0484375 0.14375
1 0.4328125 0.32578125 0.015625 0.0296875