0 0.2296875 0.7875 0.034375 0.146875
2 0.41015625 0.46953125 0.0359375 0.0859375
2 0.428125 0.725 0.03125 0.134375
0 0.53515625 0.87421875 0.028125 0.15625
0 0.48515625 0.51015625 0.0296875 0.103125
2 0.5203125 0.31484375 0.01875 0.1015625
2 0.596875 0.5359375 0.025 0.13125
2 0.78671875 0.3984375 0.0203125 0.1
0 0.746875 0.81796875 0.034375 0.1375
0 0.334375 0.2546875 0.01875 0.09375
2 0.915625 0.54375 0.0375 0.140625
2 0.96484375 0.6390625 0.03125 0.125
2 0.96796875 0.93125 0.034375 0.1375
0 0.5109375 0.41640625 0.028125 0.1
1 0.359375 0.28046875 0.0125 0.0296875
3 0.634375 0.47890625 0.028125 0.11875