2 0.7734375 0.78046875 0.040625 0.1375
0 0.8390625 0.740625 0.034375 0.1359375
0 0.746875 0.47578125 0.028125 0.11875
2 0.640625 0.4234375 0.046875 0.10625
0 0.71015625 0.265625 0.021875 0.0890625
0 0.7125 0.38984375 0.028125 0.103125
0 0.5375 0.4640625 0.03125 0.121875
0 0.4828125 0.39921875 0.03125 0.109375
2 0.5203125 0.1796875 0.025 0.096875
0 0.396875 0.33203125 0.025 0.1
2 0.3203125 0.3890625 0.01875 0.1015625
0 0.25234375 0.484375 0.021875 0.10625
0 0.22109375 0.7328125 0.04375 0.14375
2 0.2203125 0.30625 0.025 0.1
2 0.1671875 0.19765625 0.021875 0.0859375
2 0.084375 0.48125 0.021875 0.125
2 0.06640625 0.7390625 0.0390625 0.140625
1 0.3328125 0.425 0.0125 0.028125
3 0.4390625 0.5296875 0.040625 0.134375