0 0.09296875 0.4890625 0.0375 0.1140625
2 0.23359375 0.4734375 0.0328125 0.10625
2 0.25234375 0.3796875 0.034375 0.0875
2 0.38046875 0.6546875 0.0375 0.1328125
0 0.30859375 0.39921875 0.0359375 0.09375
0 0.35703125 0.46875 0.0359375 0.109375
2 0.40390625 0.434375 0.021875 0.078125
0 0.4265625 0.434375 0.040625 0.0859375
0 0.484375 0.471875 0.040625 0.0875
0 0.5328125 0.57265625 0.0359375 0.1078125
0 0.7671875 0.6625 0.0359375 0.1078125
2 0.84296875 0.74140625 0.0453125 0.1390625
3 0.15625 0.48828125 0.034375 0.125