2 0.94921875 0.3703125 0.0265625 0.1
2 0.890625 0.54375 0.0296875 0.1078125
2 0.78203125 0.6875 0.0359375 0.1078125
2 0.740625 0.44375 0.0296875 0.0953125
2 0.67578125 0.38515625 0.025 0.0703125
2 0.6640625 0.30078125 0.025 0.0609375
0 0.53671875 0.3859375 0.0203125 0.078125
2 0.5640625 0.6078125 0.0203125 0.0890625
0 0.54140625 0.60703125 0.0265625 0.10625
0 0.45390625 0.371875 0.0203125 0.0765625
0 0.3171875 0.52734375 0.021875 0.0953125
0 0.27734375 0.45859375 0.021875 0.0859375
0 0.2546875 0.540625 0.0265625 0.096875
0 0.0890625 0.51953125 0.0203125 0.090625
0 0.1515625 0.72578125 0.0375 0.09375
3 0.62421875 0.3859375 0.028125 0.090625