2 0.2484375 0.1453125 0.0359375 0.134375
2 0.32109375 0.35859375 0.0328125 0.1234375
2 0.26171875 0.5296875 0.028125 0.1
0 0.22890625 0.35390625 0.0484375 0.1109375
0 0.1421875 0.53671875 0.028125 0.103125
0 0.3 0.728125 0.034375 0.0953125
2 0.484375 0.67890625 0.028125 0.0890625
2 0.5328125 0.58125 0.0234375 0.1046875
0 0.55234375 0.5921875 0.0296875 0.096875
0 0.58203125 0.62421875 0.0296875 0.1078125
2 0.61875 0.646875 0.0234375 0.0953125
0 0.92265625 0.68828125 0.0234375 0.075
2 0.9578125 0.609375 0.0234375 0.1
0 0.90390625 0.11171875 0.03125 0.146875
1 0.6296875 0.71875 0.0125 0.034375
2 0.9734375 0.28125 0.034375 0.1296875
3 0.48828125 0.50625 0.0359375 0.1140625
3 0.1484375 0.7796875 0.028125 0.078125