2 0.9859375 0.790625 0.028125 0.165625
0 0.959375 0.66953125 0.0578125 0.1453125
0 0.80703125 0.3890625 0.0359375 0.1109375
2 0.89375 0.5484375 0.040625 0.1234375
0 0.6546875 0.48515625 0.0375 0.1375
0 0.61875 0.2265625 0.0328125 0.09375
0 0.51015625 0.39140625 0.0375 0.1109375
0 0.42421875 0.2890625 0.040625 0.09375
0 0.3203125 0.490625 0.0390625 0.121875
0 0.52734375 0.76875 0.0484375 0.1390625
2 0.3671875 0.9453125 0.040625 0.109375
2 0.27734375 0.4140625 0.034375 0.1328125
2 0.26640625 0.2453125 0.0296875 0.103125
2 0.11875 0.33359375 0.03125 0.1140625
2 0.13046875 0.53671875 0.0328125 0.128125
2 0.5078125 0.1921875 0.034375 0.0671875
1 0.525 0.2265625 0.0171875 0.0328125
3 0.68984375 0.521875 0.046875 0.1296875
3 0.771875 0.1578125 0.040625 0.0984375