2 0.025 0.696875 0.0328125 0.1578125
2 0.0578125 0.30703125 0.028125 0.12265625
2 0.36796875 0.37109375 0.03984375 0.1296875
2 0.459375 0.275 0.03984375 0.10859375
0 0.55234375 0.3453125 0.0296875 0.11953125
0 0.81171875 0.2859375 0.02890625 0.1203125
2 0.83671875 0.51640625 0.03046875 0.146875
0 0.87734375 0.52734375 0.0390625 0.14609375
2 0.425 0.45 0.03671875 0.12734375
0 0.0890625 0.31015625 0.028125 0.11640625
0 0.2015625 0.940625 0.03125 0.11875
1 0.57109375 0.4109375 0.01171875 0.034375
3 0.11640625 0.51328125 0.03828125 0.1453125