2 0.2609375 0.86328125 0.03125 0.13359375
2 0.32578125 0.64765625 0.02890625 0.121875
2 0.2609375 0.47890625 0.025 0.09921875
0 0.234375 0.65546875 0.04453125 0.109375
0 0.14140625 0.47578125 0.025 0.10234375
0 0.2921875 0.27890625 0.03125 0.09453125
2 0.478125 0.321875 0.025 0.0875
2 0.5296875 0.41796875 0.0203125 0.1046875
0 0.54921875 0.40625 0.02578125 0.09609375
0 0.57734375 0.37265625 0.0265625 0.10625
2 0.61328125 0.34921875 0.01953125 0.0953125
0 0.915625 0.296875 0.02109375 0.075
2 0.95390625 0.375 0.0203125 0.09921875
0 0.9171875 0.87421875 0.0265625 0.14609375
1 0.621875 0.2765625 0.01171875 0.034375
2 0.98046875 0.70234375 0.0296875 0.12890625
3 0.48828125 0.49453125 0.03203125 0.11328125
3 0.1390625 0.2328125 0.02578125 0.07734375