2 0.9375 0.51875 0.0453125 0.1015625
2 0.90703125 0.53671875 0.0453125 0.1015625
0 0.77421875 0.65546875 0.0390625 0.0828125
2 0.86484375 0.75546875 0.0375 0.075
0 0.61015625 0.484375 0.046875 0.1046875
0 0.63046875 0.35625 0.053125 0.128125
2 0.61171875 0.384375 0.0453125 0.1015625
2 0.45703125 0.15546875 0.0734375 0.146875
0 0.378125 0.5828125 0.053125 0.1140625
2 0.38984375 0.73125 0.046875 0.10625
0 0.26796875 0.3578125 0.071875 0.128125
2 0.1484375 0.40546875 0.065625 0.1375
3 0.8109375 0.446875 0.0578125 0.1125