0 0.190625 0.49921875 0.0546875 0.1265625
2 0.37265625 0.2875 0.059375 0.1453125
0 0.3234375 0.171875 0.071875 0.1640625
2 0.30390625 0.62890625 0.0453125 0.096875
0 0.20078125 0.63125 0.0453125 0.0875
2 0.44765625 0.575 0.0515625 0.109375
0 0.3 0.728125 0.0453125 0.1
2 0.44140625 0.75234375 0.0390625 0.0796875
0 0.3984375 0.6515625 0.05 0.1046875
2 0.60234375 0.65859375 0.0515625 0.1234375
2 0.56640625 0.4859375 0.0546875 0.121875
0 0.5140625 0.6171875 0.0421875 0.1
0 0.675 0.4375 0.0515625 0.1296875
2 0.828125 0.53671875 0.053125 0.1296875
2 0.96640625 0.4015625 0.059375 0.1453125
1 0.19609375 0.5875 0.0203125 0.034375