2 0.6671875 0.271875 0.0546875 0.121875
2 0.58359375 0.32578125 0.046875 0.109375
0 0.91875 0.3265625 0.0609375 0.13125
2 0.440625 0.43515625 0.04375 0.10625
2 0.4265625 0.49296875 0.0453125 0.109375
0 0.35 0.50234375 0.04375 0.1046875
0 0.2875 0.465625 0.053125 0.1140625
2 0.24296875 0.52421875 0.0515625 0.1171875
2 0.17734375 0.628125 0.059375 0.1125
0 0.1453125 0.73671875 0.078125 0.13125
0 0.540625 0.23671875 0.0546875 0.1046875
1 0.81171875 0.2875 0.01875 0.025
3 0.59921875 0.25859375 0.04375 0.0953125