0 0.47734375 0.7828125 0.0734375 0.1546875
0 0.42890625 0.39609375 0.0578125 0.1125
2 0.3359375 0.19453125 0.040625 0.0828125
0 0.19296875 0.3171875 0.0421875 0.090625
0 0.5671875 0.2375 0.046875 0.1
2 0.63671875 0.27734375 0.0515625 0.096875
2 0.69765625 0.42265625 0.05 0.10625
0 0.76796875 0.41640625 0.0609375 0.1078125
0 0.73359375 0.30703125 0.05 0.0953125
0 0.66328125 0.57421875 0.078125 0.1265625
2 0.72265625 0.640625 0.0734375 0.1328125
2 0.6203125 0.690625 0.059375 0.1234375
0 0.66953125 0.7546875 0.0796875 0.140625
0 0.2578125 0.7234375 0.0546875 0.13125
2 0.14921875 0.765625 0.065625 0.1390625
1 0.715625 0.36328125 0.025 0.0390625
3 0.01953125 0.4109375 0.0390625 0.115625
3 0.49765625 0.4671875 0.0703125 0.14375