0 0.1 0.4109375 0.053125 0.1328125
2 0.196875 0.35078125 0.05625 0.125
0 0.23125 0.6828125 0.053125 0.109375
2 0.33046875 0.6609375 0.0375 0.084375
0 0.3859375 0.5453125 0.0546875 0.11875
0 0.390625 0.07578125 0.05625 0.1515625
2 0.56015625 0.640625 0.040625 0.0953125
0 0.59609375 0.66640625 0.04375 0.096875
2 0.66875 0.8125 0.0328125 0.1
0 0.7140625 0.7859375 0.0328125 0.090625
2 0.8203125 0.796875 0.034375 0.090625
2 0.7765625 0.48515625 0.040625 0.1234375
1 0.28828125 0.60390625 0.0171875 0.0359375
3 0.79375 0.66171875 0.0578125 0.1328125