2 0.19609375 0.1890625 0.05625 0.1375
2 0.30078125 0.38828125 0.0515625 0.125
2 0.26953125 0.56640625 0.04375 0.1015625
0 0.209375 0.3984375 0.0640625 0.115625
0 0.15234375 0.5921875 0.04375 0.1046875
0 0.33828125 0.75703125 0.0484375 0.0984375
2 0.5125 0.67890625 0.040625 0.090625
2 0.54453125 0.575 0.040625 0.10625
0 0.56640625 0.5828125 0.04375 0.1
0 0.6 0.61015625 0.046875 0.109375
2 0.63984375 0.6265625 0.0375 0.096875
0 0.946875 0.6203125 0.034375 0.078125
2 0.96953125 0.5359375 0.0390625 0.1015625
0 0.83828125 0.06328125 0.0546875 0.1265625
1 0.6625 0.69609375 0.01875 0.0359375
2 0.9328125 0.209375 0.053125 0.1328125
3 0.48984375 0.5078125 0.053125 0.1171875
3 0.196875 0.83125 0.040625 0.08125