2 0.62890625 0.33984375 0.0375 0.1171875
0 0.62109375 0.1578125 0.04375 0.1453125
0 0.7484375 0.50625 0.028125 0.1046875
2 0.92265625 0.51484375 0.0375 0.10625
2 0.471875 0.47890625 0.028125 0.0984375
2 0.55625 0.5953125 0.025 0.0984375
2 0.678125 0.61328125 0.028125 0.0859375
0 0.61328125 0.6390625 0.0328125 0.096875
0 0.73359375 0.67265625 0.0375 0.0796875
0 0.746875 0.58984375 0.0421875 0.090625
2 0.4765625 0.63515625 0.03125 0.084375
0 0.678125 0.73203125 0.025 0.078125
0 0.28828125 0.43125 0.0375 0.1046875
2 0.26015625 0.4984375 0.034375 0.1109375
0 0.51953125 0.66796875 0.0265625 0.0796875
2 0.128125 0.35859375 0.0390625 0.121875