2 0.29921875 0.29921875 0.0640625 0.128125
0 0.45625 0.25703125 0.0640625 0.153125
0 0.4265625 0.40390625 0.05 0.1390625
0 0.30546875 0.46953125 0.059375 0.1125
0 0.32734375 0.60625 0.0609375 0.115625
2 0.39921875 0.66328125 0.0453125 0.109375
0 0.43515625 0.715625 0.0484375 0.1046875
2 0.475 0.51640625 0.0484375 0.11875
2 0.5234375 0.37421875 0.0546875 0.1296875
0 0.6578125 0.6296875 0.053125 0.115625
2 0.72265625 0.8515625 0.0421875 0.0984375
0 0.8484375 0.23359375 0.0546875 0.1625
1 0.1328125 0.36953125 0.0234375 0.0484375
3 0.6078125 0.5421875 0.0640625 0.1234375