0 0.075 0.83125 0.0625 0.090625
0 0.34375 0.22890625 0.034375 0.0640625
2 0.43046875 0.4015625 0.0421875 0.08125
2 0.4859375 0.25859375 0.0296875 0.065625
0 0.45546875 0.24453125 0.028125 0.0515625
0 0.559375 0.36640625 0.028125 0.06875
0 0.63046875 0.203125 0.0265625 0.06875
2 0.66171875 0.25859375 0.025 0.0546875
0 0.75078125 0.27578125 0.0296875 0.0703125
2 0.30625 0.1078125 0.0203125 0.065625
0 0.39765625 0.1234375 0.025 0.0609375
2 0.98125 0.58359375 0.0375 0.0671875
1 0.34921875 0.11015625 0.0171875 0.034375