0 0.0328125 0.70625 0.034375 0.1515625
0 0.29453125 0.76171875 0.0359375 0.16875
2 0.43515625 0.6953125 0.0296875 0.1296875
0 0.52734375 0.80703125 0.0421875 0.15078125
0 0.7953125 0.78984375 0.03984375 0.134375
2 0.45078125 0.48125 0.02265625 0.1046875
0 0.525 0.5078125 0.03203125 0.115625
2 0.62578125 0.54921875 0.034375 0.125
2 0.57890625 0.34375 0.02734375 0.11796875
0 0.3390625 0.2765625 0.025 0.10078125
2 0.80546875 0.40546875 0.03046875 0.10546875
2 0.9453125 0.51640625 0.03125 0.13203125
2 0.97109375 0.9171875 0.04296875 0.15703125
1 0.3984375 0.30234375 0.015625 0.03125
3 0.6546875 0.4765625 0.028125 0.1234375