2 0.49609375 0.5046875 0.0546875 0.1234375
2 0.5921875 0.50390625 0.04375 0.1234375
0 0.54453125 0.4640625 0.046875 0.1171875
0 0.58046875 0.38828125 0.0375 0.121875
0 0.42265625 0.23203125 0.046875 0.13125
2 0.30546875 0.29921875 0.0515625 0.1359375
0 0.3015625 0.4390625 0.040625 0.115625
2 0.36953125 0.68515625 0.0359375 0.096875
2 0.31640625 0.615625 0.0328125 0.09375
2 0.2640625 0.73984375 0.0421875 0.0921875
0 0.19296875 0.7078125 0.034375 0.096875
0 0.2671875 0.1265625 0.046875 0.14375
2 0.0453125 0.346875 0.0625 0.1609375
2 0.1015625 0.22265625 0.0671875 0.1515625