2 0.2 0.42265625 0.0359375 0.0859375
2 0.23671875 0.3671875 0.03125 0.0671875
0 0.31015625 0.44140625 0.03125 0.075
2 0.40078125 0.309375 0.025 0.05
2 0.45234375 0.45625 0.034375 0.096875
2 0.5046875 0.3921875 0.0234375 0.06875
0 0.51953125 0.41484375 0.021875 0.071875
2 0.5953125 0.66015625 0.0375 0.115625
0 0.7046875 0.453125 0.034375 0.075
2 0.75703125 0.49453125 0.034375 0.09375
0 0.8875 0.41875 0.0265625 0.0796875
0 0.83046875 0.3484375 0.0203125 0.05
1 0.2171875 0.44765625 0.0140625 0.025
3 0.68671875 0.41015625 0.03125 0.0609375