2 0.40859375 0.371875 0.040625 0.0796875
0 0.35 0.41171875 0.0328125 0.06875
2 0.24453125 0.43515625 0.034375 0.075
2 0.27109375 0.5125 0.028125 0.0625
0 0.17734375 0.478125 0.028125 0.053125
0 0.4 0.52421875 0.034375 0.0640625
2 0.48125 0.46328125 0.03125 0.0609375
0 0.4734375 0.58671875 0.0265625 0.0515625
2 0.675 0.56328125 0.0359375 0.0640625
2 0.69140625 0.61640625 0.03125 0.06875
2 0.70859375 0.48046875 0.03125 0.06875
0 0.734375 0.584375 0.021875 0.0578125
0 0.778125 0.49453125 0.034375 0.0734375
2 0.85390625 0.609375 0.028125 0.0625
1 0.74921875 0.3640625 0.021875 0.040625
3 0.62578125 0.47265625 0.0390625 0.0734375