2 0.53515625 0.1765625 0.0578125 0.11875
2 0.48671875 0.39375 0.071875 0.11875
0 0.77890625 0.60234375 0.0640625 0.1234375
2 0.23984375 0.78046875 0.071875 0.1375
0 0.33359375 0.34609375 0.0546875 0.11875
0 0.25625 0.434375 0.0578125 0.1140625
0 0.3515625 0.20859375 0.0453125 0.103125
0 0.7265625 0.3765625 0.05 0.0921875
2 0.77265625 0.3578125 0.0484375 0.0828125
0 0.78984375 0.82890625 0.0765625 0.140625
3 0.63828125 0.57421875 0.0734375 0.13125
0 0.2265625 0.70859375 0.0703125 0.1546875
2 0.96484375 0.60078125 0.0703125 0.1328125