0 0.715625 0.2609375 0.0546875 0.0875
0 0.91640625 0.52265625 0.0578125 0.1234375
2 0.90078125 0.621875 0.059375 0.1421875
2 0.81875 0.86796875 0.059375 0.1578125
0 0.75078125 0.9140625 0.05625 0.096875
2 0.54140625 0.3234375 0.0453125 0.0984375
0 0.553125 0.51796875 0.0578125 0.11875
0 0.2921875 0.24765625 0.040625 0.0734375
0 0.29921875 0.42578125 0.053125 0.1125
2 0.22265625 0.28984375 0.034375 0.08125
2 0.26484375 0.4640625 0.05 0.1
2 0.23203125 0.6859375 0.0609375 0.1375
2 0.03359375 0.38359375 0.05625 0.1171875
1 0.72578125 0.315625 0.021875 0.0328125
3 0.11640625 0.490625 0.059375 0.13125
3 0.6515625 0.16328125 0.0515625 0.10625