0 0.2859375 0.73125 0.0453125 0.140625
0 0.23046875 0.6390625 0.0421875 0.1375
0 0.21875 0.43671875 0.040625 0.115625
0 0.3046875 0.28046875 0.034375 0.09375
2 0.403125 0.47890625 0.0453125 0.0875
0 0.44765625 0.64921875 0.040625 0.1234375
2 0.546875 0.609375 0.0484375 0.1265625
2 0.57734375 0.57421875 0.0375 0.1265625
0 0.52265625 0.48828125 0.040625 0.10625
2 0.515625 0.34375 0.0359375 0.084375
0 0.59765625 0.39609375 0.0359375 0.0984375
2 0.7875 0.25546875 0.028125 0.0671875
0 0.8 0.64140625 0.040625 0.1171875
2 0.87734375 0.78515625 0.0453125 0.1328125
0 0.36484375 0.603125 0.0484375 0.1203125
1 0.3953125 0.6515625 0.0171875 0.03125
2 0.93828125 0.3484375 0.0453125 0.1265625