0 0.06015625 0.51640625 0.0328125 0.1453125
2 0.1953125 0.4734375 0.03125 0.1390625
0 0.103125 0.33359375 0.0484375 0.165625
2 0.1875 0.30546875 0.0421875 0.1671875
0 0.346875 0.28671875 0.059375 0.1421875
2 0.43359375 0.45546875 0.0359375 0.1453125
2 0.52265625 0.1875 0.0515625 0.1859375
0 0.53984375 0.51484375 0.0515625 0.1421875
2 0.5796875 0.596875 0.0390625 0.1421875
2 0.725 0.503125 0.0375 0.14375
0 0.51796875 0.75546875 0.034375 0.1015625
2 0.65234375 0.634375 0.0375 0.071875
1 0.93125 0.5734375 0.0234375 0.0375
3 0.37265625 0.5765625 0.046875 0.153125