0 0.51484375 0.24609375 0.0546875 0.1390625
2 0.3421875 0.4109375 0.053125 0.1375
2 0.4359375 0.49296875 0.04375 0.134375
0 0.315625 0.4484375 0.03125 0.090625
0 0.58046875 0.3828125 0.04375 0.140625
2 0.65546875 0.3671875 0.05 0.1328125
2 0.6390625 0.628125 0.0484375 0.1046875
2 0.68359375 0.55078125 0.040625 0.1140625
0 0.81953125 0.50703125 0.0453125 0.1296875
2 0.7890625 0.72421875 0.03125 0.1078125
2 0.9203125 0.25390625 0.059375 0.1546875
0 0.96953125 0.690625 0.0359375 0.1203125
2 0.97734375 0.45 0.0453125 0.1359375