2 0.65234375 0.36171875 0.0390625 0.1171875
0 0.67265625 0.18125 0.0453125 0.1453125
0 0.74453125 0.5453125 0.0296875 0.1046875
2 0.91484375 0.58125 0.0390625 0.10625
2 0.47578125 0.475 0.0296875 0.0984375
2 0.540625 0.603125 0.0265625 0.0984375
2 0.6578125 0.63984375 0.0296875 0.0859375
0 0.58984375 0.65546875 0.034375 0.096875
0 0.70390625 0.70703125 0.0390625 0.0796875
0 0.7296875 0.62734375 0.04375 0.090625
2 0.45546875 0.6296875 0.0328125 0.084375
0 0.63984375 0.75703125 0.0265625 0.078125
0 0.3015625 0.3984375 0.0390625 0.1046875
2 0.26328125 0.4609375 0.0359375 0.1109375
0 0.49296875 0.66875 0.028125 0.0796875
2 0.1546875 0.30234375 0.040625 0.121875