0 0.39921875 0.67265625 0.0234375 0.0984375
2 0.44296875 0.621875 0.028125 0.103125
2 0.2109375 0.70859375 0.025 0.09375
2 0.14453125 0.5953125 0.028125 0.0875
2 0.09140625 0.4375 0.0203125 0.078125
2 0.2734375 0.4953125 0.0171875 0.090625
2 0.3390625 0.35546875 0.0203125 0.0625
2 0.33359375 0.43359375 0.01875 0.0734375
0 0.39375 0.49609375 0.0171875 0.06875
2 0.484375 0.38984375 0.0171875 0.0671875
2 0.50859375 0.509375 0.015625 0.0703125
0 0.55390625 0.415625 0.01875 0.0640625
0 0.6546875 0.5578125 0.0171875 0.078125
0 0.690625 0.51328125 0.01875 0.090625
0 0.78046875 0.4125 0.0203125 0.078125
0 0.73828125 0.5609375 0.0171875 0.078125
0 0.871875 0.525 0.015625 0.0765625
0 0.828125 0.71015625 0.0296875 0.0765625
3 0.37265625 0.42890625 0.021875 0.08125
3 0.16953125 0.290625 0.021875 0.0609375