2 0.01875 0.5453125 0.0375 0.11875
0 0.0484375 0.4875 0.0421875 0.0984375
2 0.34296875 0.4015625 0.040625 0.0828125
2 0.37265625 0.26640625 0.0375 0.078125
0 0.48125 0.3140625 0.0390625 0.0859375
2 0.65703125 0.32890625 0.040625 0.08125
2 0.571875 0.45 0.0484375 0.109375
2 0.69296875 0.44375 0.0515625 0.1140625
0 0.50234375 0.62578125 0.05 0.1296875
0 0.35390625 0.5984375 0.0515625 0.109375
0 0.43203125 0.73125 0.0734375 0.1234375
2 0.54921875 0.57421875 0.0453125 0.1171875
2 0.696875 0.64921875 0.053125 0.128125
0 0.65703125 0.43515625 0.05 0.1109375
1 0.63828125 0.4671875 0.01875 0.0375
3 0.340625 0.47265625 0.04375 0.1078125