0 0.19609375 0.5578125 0.0546875 0.1265625
0 0.3265625 0.74140625 0.0640625 0.1359375
0 0.30390625 0.875 0.0625 0.140625
0 0.2046875 0.36171875 0.0453125 0.096875
0 0.75390625 0.56640625 0.0578125 0.1375
2 0.5546875 0.53203125 0.0625 0.1375
2 0.54140625 0.34296875 0.046875 0.1171875
2 0.49375 0.32734375 0.040625 0.09375
2 0.48125 0.4125 0.0515625 0.109375
2 0.45625 0.27578125 0.05 0.103125
2 0.915625 0.58984375 0.0640625 0.134375
2 0.790625 0.490625 0.0625 0.1421875
0 0.40625 0.35078125 0.0609375 0.1390625
0 0.32734375 0.2703125 0.040625 0.0875
3 0.46484375 0.459375 0.0578125 0.128125