2 0.88203125 0.61484375 0.0234375 0.0921875
0 0.88359375 0.42265625 0.0265625 0.103125
2 0.778125 0.45078125 0.0203125 0.1015625
0 0.75625 0.7078125 0.0265625 0.078125
0 0.66875 0.53671875 0.025 0.084375
2 0.61328125 0.575 0.0234375 0.0953125
0 0.81328125 0.8140625 0.0203125 0.071875
2 0.6328125 0.2578125 0.028125 0.1046875
0 0.42109375 0.57734375 0.0234375 0.09375
2 0.3328125 0.684375 0.0203125 0.0890625
0 0.21328125 0.6625 0.0265625 0.1
2 0.1421875 0.325 0.0265625 0.115625
1 0.18515625 0.30859375 0.0171875 0.03125
3 0.73828125 0.55703125 0.03125 0.1015625