2 0.5296875 0.534375 0.0578125 0.1296875
2 0.33984375 0.71328125 0.05 0.1296875
0 0.3515625 0.8765625 0.0609375 0.146875
0 0.21875 0.54921875 0.05625 0.128125
0 0.290625 0.43828125 0.05 0.10625
0 0.2203125 0.36015625 0.0421875 0.0875
0 0.3734375 0.359375 0.04375 0.096875
2 0.5015625 0.3609375 0.046875 0.1
2 0.4578125 0.33203125 0.0359375 0.0859375
0 0.72265625 0.56015625 0.05 0.109375
0 0.3203125 0.27421875 0.0421875 0.090625
2 0.734375 0.50703125 0.0421875 0.10625
2 0.8734375 0.60390625 0.0625 0.13125
2 0.31171875 0.41015625 0.0421875 0.0921875
1 0.340625 0.29765625 0.0171875 0.025
3 0.4703125 0.465625 0.0390625 0.1015625