0 0.04609375 0.63671875 0.059375 0.1296875
0 0.0984375 0.446875 0.040625 0.0796875
0 0.390625 0.67265625 0.0515625 0.15
0 0.5203125 0.68671875 0.0515625 0.159375
0 0.390625 0.52265625 0.0390625 0.1140625
2 0.3796875 0.4125 0.0296875 0.0796875
2 0.3515625 0.321875 0.0171875 0.0578125
2 0.4203125 0.321875 0.01875 0.0578125
2 0.4640625 0.4671875 0.0296875 0.103125
0 0.50703125 0.471875 0.0296875 0.0984375
2 0.53515625 0.534375 0.0265625 0.11875
2 0.58125 0.50703125 0.0296875 0.10625
2 0.684375 0.50078125 0.0390625 0.109375
2 0.609375 0.4203125 0.0296875 0.109375
3 0.278125 0.34296875 0.0296875 0.0734375