0 0.05859375 0.40078125 0.0234375 0.1109375
2 0.24609375 0.459375 0.0328125 0.09375
2 0.2046875 0.5703125 0.0265625 0.1109375
0 0.21953125 0.2609375 0.025 0.0703125
2 0.32109375 0.35625 0.0203125 0.078125
0 0.2453125 0.86796875 0.040625 0.14375
0 0.4390625 0.50390625 0.0296875 0.0890625
2 0.4484375 0.30234375 0.0328125 0.0734375
2 0.53359375 0.484375 0.0265625 0.0859375
2 0.765625 0.6703125 0.0265625 0.1140625
2 0.5140625 0.4296875 0.0296875 0.0921875
0 0.425 0.35078125 0.0203125 0.0734375
0 0.87578125 0.8453125 0.03125 0.1390625
2 0.2 0.44296875 0.025 0.0765625
1 0.43671875 0.3671875 0.0078125 0.025