0 0.0640625 0.70078125 0.0453125 0.128125
2 0.11640625 0.65234375 0.046875 0.115625
2 0.10390625 0.5546875 0.040625 0.084375
0 0.2890625 0.37421875 0.034375 0.0734375
0 0.30390625 0.453125 0.0296875 0.071875
2 0.33984375 0.4 0.0328125 0.059375
2 0.4140625 0.4203125 0.040625 0.0671875
2 0.47890625 0.49921875 0.034375 0.084375
0 0.5546875 0.546875 0.0453125 0.0921875
0 0.48359375 0.67890625 0.0453125 0.109375
2 0.6609375 0.62421875 0.0453125 0.109375
0 0.49375 0.39765625 0.0328125 0.0765625
0 0.58828125 0.28359375 0.0296875 0.059375
0 0.62109375 0.30625 0.028125 0.0734375
0 0.64375 0.32734375 0.021875 0.059375
2 0.690625 0.32421875 0.03125 0.0671875
2 0.71953125 0.4796875 0.0390625 0.0890625
2 0.746875 0.41171875 0.0359375 0.09375
0 0.80859375 0.44296875 0.0375 0.0921875
3 0.5515625 0.8265625 0.06875 0.1390625
3 0.39453125 0.2859375 0.0375 0.0859375
3 0.58359375 0.40859375 0.0390625 0.08125