0 0.725 0.28984375 0.0390625 0.096875
0 0.77890625 0.3703125 0.05 0.109375
2 0.625 0.3890625 0.0421875 0.096875
2 0.66875 0.3125 0.04375 0.103125
0 0.63203125 0.21015625 0.034375 0.090625
2 0.6671875 0.64296875 0.0578125 0.1421875
0 0.77109375 0.76484375 0.0640625 0.1671875
0 0.53984375 0.3453125 0.040625 0.1109375
2 0.48046875 0.2515625 0.04375 0.1015625
2 0.44765625 0.3390625 0.040625 0.09375
0 0.43125 0.421875 0.04375 0.103125
2 0.46640625 0.53515625 0.0421875 0.1140625
2 0.353125 0.396875 0.0421875 0.125
0 0.4375 0.61328125 0.059375 0.121875
2 0.1953125 0.571875 0.053125 0.1359375
2 0.10546875 0.75703125 0.0546875 0.1421875