0 0.2359375 0.34140625 0.0328125 0.0953125
0 0.2 0.43125 0.04375 0.10625
2 0.3546875 0.41796875 0.0359375 0.0953125
2 0.29609375 0.3515625 0.0359375 0.1015625
0 0.3109375 0.24375 0.028125 0.090625
2 0.36640625 0.67421875 0.0484375 0.140625
0 0.290625 0.815625 0.053125 0.165625
0 0.42890625 0.35703125 0.0328125 0.109375
2 0.46796875 0.253125 0.0359375 0.1
2 0.51796875 0.33203125 0.034375 0.09375
0 0.55078125 0.409375 0.0359375 0.1015625
2 0.540625 0.52734375 0.034375 0.1140625
2 0.62265625 0.36875 0.0328125 0.1234375
0 0.584375 0.5984375 0.0515625 0.11875
2 0.81328125 0.50703125 0.04375 0.134375
2 0.9390625 0.66875 0.0453125 0.140625