2 0.9671875 0.3125 0.0375 0.115625
2 0.91640625 0.4171875 0.046875 0.128125
0 0.72421875 0.46328125 0.04375 0.1265625
0 0.6953125 0.290625 0.046875 0.1
2 0.66953125 0.35390625 0.0296875 0.115625
2 0.65859375 0.45 0.0296875 0.1140625
0 0.69296875 0.41796875 0.034375 0.090625
2 0.58984375 0.465625 0.034375 0.109375
2 0.56796875 0.4296875 0.0359375 0.1171875
2 0.47421875 0.4140625 0.040625 0.1203125
0 0.534375 0.378125 0.040625 0.103125
0 0.36171875 0.72890625 0.04375 0.134375
2 0.403125 0.55 0.0421875 0.1328125
1 0.3359375 0.35859375 0.021875 0.0375
3 0.78984375 0.38203125 0.0390625 0.134375