2 0.68515625 0.53828125 0.0609375 0.1171875
2 0.74921875 0.27109375 0.04375 0.1015625
0 0.6484375 0.33671875 0.040625 0.1015625
2 0.66171875 0.20703125 0.034375 0.0875
0 0.5875 0.23359375 0.0421875 0.096875
0 0.58828125 0.546875 0.0484375 0.115625
0 0.49140625 0.22421875 0.040625 0.1
0 0.41015625 0.29296875 0.0390625 0.1046875
0 0.3359375 0.3953125 0.0375 0.09375
2 0.32421875 0.3203125 0.0390625 0.0890625
2 0.26171875 0.365625 0.0390625 0.103125
2 0.22578125 0.26015625 0.034375 0.090625
0 0.19140625 0.28671875 0.0375 0.0953125
0 0.18828125 0.41015625 0.0359375 0.1125
2 0.22421875 0.64296875 0.0421875 0.1265625
0 0.1078125 0.590625 0.05625 0.140625
1 0.63359375 0.47421875 0.0234375 0.04375
3 0.2734375 0.46328125 0.04375 0.115625
3 0.853125 0.153125 0.04375 0.0984375