2 0.0484375 0.378125 0.025 0.1
2 0.11015625 0.55078125 0.0265625 0.10625
2 0.22109375 0.69296875 0.034375 0.1078125
2 0.25859375 0.44765625 0.028125 0.0953125
2 0.32265625 0.38828125 0.025 0.06875
2 0.3328125 0.303125 0.025 0.0609375
0 0.4609375 0.38671875 0.01875 0.078125
2 0.4375 0.60859375 0.01875 0.0890625
0 0.46015625 0.6078125 0.025 0.1046875
0 0.54375 0.37109375 0.01875 0.0765625
0 0.68359375 0.52421875 0.0203125 0.0953125
0 0.721875 0.4546875 0.0203125 0.084375
0 0.74609375 0.53671875 0.025 0.0953125
0 0.91171875 0.51171875 0.01875 0.090625
0 0.85234375 0.71953125 0.0359375 0.09375
3 0.37421875 0.3875 0.0265625 0.0890625