2 0.5125 0.45625 0.0640625 0.1296875
2 0.26484375 0.37421875 0.05625 0.1296875
0 0.20625 0.22109375 0.0671875 0.146875
0 0.225 0.57421875 0.0625 0.128125
0 0.33671875 0.64453125 0.0546875 0.10625
0 0.30546875 0.74453125 0.0453125 0.0875
0 0.44453125 0.68125 0.0484375 0.096875
2 0.56015625 0.625 0.0515625 0.1015625
2 0.5328125 0.66953125 0.040625 0.0859375
0 0.6765625 0.3515625 0.05625 0.109375
0 0.43203125 0.78125 0.046875 0.090625
2 0.709375 0.39453125 0.046875 0.10625
2 0.79453125 0.24765625 0.06875 0.1328125
2 0.3671875 0.6609375 0.046875 0.0921875
1 0.440625 0.75078125 0.0171875 0.025
3 0.4875 0.54375 0.0453125 0.1015625