0 0.94140625 0.59921875 0.0234375 0.1109375
2 0.75390625 0.540625 0.0328125 0.09375
2 0.7953125 0.4296875 0.0265625 0.1109375
0 0.78046875 0.7390625 0.025 0.0703125
2 0.67890625 0.64375 0.0203125 0.078125
0 0.7546875 0.13203125 0.040625 0.14375
0 0.5609375 0.49609375 0.0296875 0.0890625
2 0.5515625 0.69765625 0.0328125 0.0734375
2 0.46640625 0.515625 0.0265625 0.0859375
2 0.234375 0.3296875 0.0265625 0.1140625
2 0.4859375 0.5703125 0.0296875 0.0921875
0 0.575 0.64921875 0.0203125 0.0734375
0 0.12421875 0.1546875 0.03125 0.1390625
2 0.8 0.55703125 0.025 0.0765625
1 0.56328125 0.6328125 0.0078125 0.025