2 0.2609375 0.359375 0.03515625 0.10390625
2 0.37265625 0.3921875 0.03203125 0.11953125
0 0.2296875 0.5109375 0.03046875 0.13515625
0 0.35234375 0.62421875 0.0328125 0.128125
0 0.45546875 0.4640625 0.03046875 0.10078125
0 0.4921875 0.7171875 0.03125 0.14375
2 0.71171875 0.6046875 0.03125 0.1328125
2 0.80078125 0.48203125 0.02890625 0.13046875
0 0.83671875 0.44453125 0.02578125 0.11796875
2 0.50625 0.22734375 0.02421875 0.090625
2 0.3640625 0.18046875 0.025 0.0953125
2 0.45 0.1296875 0.025 0.0890625
0 0.4828125 0.14296875 0.02265625 0.0859375
1 0.43046875 0.58828125 0.01171875 0.03984375
3 0.975 0.42734375 0.03984375 0.12734375