2 0.221875 0.22421875 0.04375 0.1390625
0 0.15703125 0.265625 0.0375 0.1359375
0 0.25390625 0.52890625 0.0296875 0.11875
2 0.3609375 0.57890625 0.05 0.1078125
0 0.29375 0.73828125 0.021875 0.0890625
0 0.28984375 0.6140625 0.0296875 0.103125
0 0.46328125 0.53671875 0.0328125 0.121875
0 0.51875 0.60078125 0.0328125 0.1109375
2 0.48515625 0.8203125 0.0265625 0.096875
0 0.60625 0.66640625 0.0265625 0.1
2 0.68125 0.6078125 0.021875 0.1015625
0 0.74765625 0.5109375 0.0234375 0.10625
0 0.775 0.2625 0.0453125 0.1453125
2 0.7828125 0.6890625 0.0265625 0.1
2 0.83828125 0.796875 0.021875 0.0859375
2 0.915625 0.51171875 0.025 0.1265625
2 0.9296875 0.253125 0.0421875 0.1421875
1 0.66875 0.571875 0.0140625 0.0296875
3 0.56015625 0.46953125 0.04375 0.1359375