2 0.2515625 0.36171875 0.0640625 0.128125
0 0.390625 0.27890625 0.0640625 0.153125
0 0.403125 0.42734375 0.05 0.1390625
0 0.3046875 0.52421875 0.059375 0.1125
0 0.36328125 0.64921875 0.0609375 0.115625
2 0.44765625 0.68515625 0.0453125 0.109375
0 0.496875 0.725 0.0484375 0.1046875
2 0.48046875 0.52265625 0.0484375 0.11875
2 0.4875 0.37265625 0.0546875 0.1296875
0 0.6875 0.58125 0.053125 0.115625
2 0.8109375 0.7765625 0.0421875 0.0984375
0 0.7609375 0.14765625 0.0546875 0.1625
1 0.1109375 0.47578125 0.0234375 0.0484375
3 0.61484375 0.5109375 0.0640625 0.1234375