2 0.10390625 0.55625 0.0328125 0.1
2 0.0328125 0.38046875 0.025 0.096875
2 0.22265625 0.69765625 0.03125 0.096875
2 0.25078125 0.44609375 0.02734375 0.1015625
2 0.3171875 0.2921875 0.02421875 0.07578125
2 0.31484375 0.37578125 0.01953125 0.08046875
0 0.475 0.3546875 0.021875 0.078125
2 0.45390625 0.603125 0.0234375 0.10234375
0 0.48515625 0.58515625 0.02734375 0.10234375
0 0.66875 0.5125 0.0203125 0.0921875
0 0.534375 0.35546875 0.01953125 0.08671875
0 0.709375 0.41875 0.02109375 0.0796875
0 0.7546875 0.51484375 0.0234375 0.10390625
0 0.80546875 0.3453125 0.0171875 0.090625
0 0.828125 0.35234375 0.0171875 0.09609375
0 0.9234375 0.48359375 0.0203125 0.08984375
0 0.87265625 0.6953125 0.0265625 0.10859375
3 0.378125 0.37421875 0.02109375 0.0984375