1 0.26328125 0.56875 0.0171875 0.0265625
2 0.24375 0.53359375 0.05625 0.1171875
0 0.325 0.3671875 0.0515625 0.109375
2 0.3578125 0.2625 0.046875 0.103125
0 0.55703125 0.475 0.046875 0.1015625
2 0.64296875 0.5046875 0.0484375 0.1046875
2 0.9828125 0.440625 0.034375 0.109375
2 0.81640625 0.334375 0.0375 0.0828125
0 0.9109375 0.38203125 0.0484375 0.1015625
2 0.07421875 0.35703125 0.0453125 0.1109375
0 0.4109375 0.63203125 0.0625 0.1296875
2 0.54765625 0.39453125 0.0390625 0.090625
2 0.9421875 0.2328125 0.034375 0.0796875
0 0.76484375 0.5453125 0.040625 0.103125
3 0.7921875 0.5078125 0.0421875 0.1203125