2 0.6515625 0.37421875 0.0421875 0.125
0 0.759375 0.20546875 0.05 0.1515625
2 0.73984375 0.60234375 0.040625 0.1015625
0 0.78828125 0.61875 0.0359375 0.10625
0 0.7109375 0.69765625 0.025 0.0921875
2 0.69296875 0.68125 0.028125 0.0921875
0 0.5921875 0.4453125 0.0359375 0.11875
0 0.6765625 0.78984375 0.034375 0.0984375
2 0.49921875 0.4625 0.04375 0.1109375
2 0.4703125 0.64921875 0.034375 0.1046875
2 0.5203125 0.76171875 0.0375 0.0984375
0 0.41171875 0.5484375 0.0296875 0.1125
2 0.3703125 0.59921875 0.0328125 0.1046875
2 0.24140625 0.46328125 0.0359375 0.1328125
1 0.796875 0.56171875 0.015625 0.0265625
2 0.0859375 0.26640625 0.0453125 0.1640625
3 0.56796875 0.575 0.0515625 0.103125