2 0.40390625 0.46484375 0.0375 0.1046875
0 0.46875 0.41875 0.0375 0.1171875
0 0.81875 0.40546875 0.0390625 0.115625
0 0.7875 0.575 0.04375 0.0984375
2 0.6671875 0.79140625 0.0390625 0.096875
2 0.40078125 0.71875 0.0359375 0.0921875
0 0.28203125 0.69375 0.0359375 0.08125
0 0.7859375 0.70546875 0.0328125 0.0953125
0 0.1890625 0.46328125 0.04375 0.1234375
0 0.5703125 0.20703125 0.065625 0.13125
2 0.5171875 0.10390625 0.0546875 0.134375
0 0.08671875 0.27578125 0.0671875 0.14375
2 0.21171875 0.85625 0.028125 0.078125
1 0.41953125 0.434375 0.0140625 0.028125
3 0.36171875 0.49453125 0.05 0.1296875