0 0.18671875 0.54453125 0.0671875 0.1375
0 0.3140625 0.8375 0.0765625 0.159375
0 0.20234375 0.36484375 0.0515625 0.096875
2 0.57734375 0.515625 0.0671875 0.1546875
2 0.3625 0.734375 0.078125 0.18125
2 0.3421875 0.38515625 0.0625 0.134375
2 0.4421875 0.2671875 0.0515625 0.103125
2 0.42109375 0.3265625 0.05625 0.1140625
2 0.58671875 0.32890625 0.0546875 0.1171875
2 0.840625 0.44296875 0.071875 0.1375
2 0.96796875 0.5625 0.0640625 0.15
0 0.72109375 0.54921875 0.0640625 0.1375
0 0.290625 0.28359375 0.0484375 0.0953125
3 0.4671875 0.4328125 0.05625 0.1234375
0 0.36328125 0.35390625 0.0515625 0.109375