0 0.93203125 0.4546875 0.040625 0.1140625
2 0.84765625 0.56640625 0.0328125 0.0921875
2 0.84453125 0.46796875 0.0375 0.1078125
0 0.64453125 0.66953125 0.0265625 0.0671875
2 0.55078125 0.6109375 0.0328125 0.078125
2 0.59140625 0.58125 0.0390625 0.08125
0 0.61953125 0.58984375 0.025 0.0828125
2 0.4921875 0.49140625 0.0265625 0.06875
0 0.453125 0.55859375 0.025 0.06875
0 0.48359375 0.43671875 0.0359375 0.075
0 0.54375 0.3046875 0.0390625 0.1109375
2 0.378125 0.31328125 0.0359375 0.1109375
2 0.30546875 0.615625 0.025 0.065625
0 0.26875 0.596875 0.0234375 0.0609375
2 0.23359375 0.5828125 0.028125 0.0671875
2 0.253125 0.5015625 0.0390625 0.0828125
2 0.271875 0.43515625 0.028125 0.08125
0 0.17890625 0.44140625 0.03125 0.0984375
1 0.503125 0.54921875 0.0203125 0.0375
3 0.39140625 0.54921875 0.0421875 0.084375
3 0.5078125 0.71875 0.028125 0.06875
3 0.55390625 0.17421875 0.05 0.1265625