2 0.1 0.48671875 0.05 0.1046875
2 0.0609375 0.30078125 0.0421875 0.1
2 0.1921875 0.646875 0.046875 0.1015625
2 0.2640625 0.40390625 0.0453125 0.1046875
2 0.35625 0.26328125 0.0375 0.078125
2 0.3390625 0.3453125 0.0328125 0.0828125
0 0.50078125 0.35234375 0.034375 0.08125
2 0.43671875 0.59375 0.040625 0.1046875
0 0.4703125 0.58125 0.0453125 0.10625
0 0.6640625 0.54140625 0.0359375 0.09375
0 0.55859375 0.36328125 0.034375 0.0890625
0 0.7203125 0.45625 0.034375 0.0828125
0 0.7484375 0.55859375 0.040625 0.10625
0 0.82734375 0.40078125 0.0328125 0.0921875
0 0.8484375 0.41171875 0.034375 0.096875
0 0.91953125 0.55703125 0.0359375 0.0921875
0 0.8328125 0.75703125 0.0453125 0.1109375
3 0.4015625 0.3546875 0.0375 0.1