2 0.03515625 0.37109375 0.05625 0.1171875
2 0.3625 0.4296875 0.059375 0.1234375
0 0.43671875 0.3984375 0.0484375 0.1125
2 0.45234375 0.22578125 0.046875 0.09375
0 0.53515625 0.2046875 0.0421875 0.1
2 0.53125 0.11171875 0.0421875 0.0921875
0 0.60546875 0.084375 0.040625 0.090625
2 0.75390625 0.16015625 0.04375 0.109375
2 0.49140625 0.753125 0.05625 0.128125
2 0.7453125 0.59140625 0.05625 0.1046875
0 0.78359375 0.68359375 0.0671875 0.115625
1 0.66875 0.65234375 0.0265625 0.0421875
3 0.23359375 0.434375 0.053125 0.13125