0 0.6828125 0.490625 0.046875 0.1203125
0 0.76015625 0.69921875 0.05 0.115625
0 0.8359375 0.55234375 0.053125 0.1328125
0 0.46640625 0.68671875 0.04375 0.1078125
0 0.58125 0.58984375 0.0453125 0.1078125
2 0.37734375 0.65390625 0.0546875 0.121875
0 0.36015625 0.54453125 0.05 0.1140625
2 0.3625 0.79609375 0.0375 0.0875
2 0.61171875 0.78671875 0.0375 0.096875
2 0.240625 0.72734375 0.040625 0.0921875
2 0.21484375 0.5390625 0.05 0.1140625
2 0.21796875 0.20625 0.0671875 0.15625
0 0.41015625 0.25859375 0.0546875 0.15
2 0.90546875 0.15625 0.0515625 0.14375
2 0.8578125 0.44140625 0.04375 0.1140625
3 0.6390625 0.440625 0.05625 0.140625
3 0.86328125 0.80234375 0.0453125 0.0890625