2 0.39140625 0.44609375 0.040625 0.1078125
2 0.5140625 0.35234375 0.0359375 0.115625
0 0.69140625 0.4890625 0.0359375 0.11875
2 0.62890625 0.26328125 0.0328125 0.090625
0 0.73515625 0.24375 0.0359375 0.0953125
0 0.78515625 0.24375 0.03515625 0.08984375
0 0.38046875 0.55390625 0.0390625 0.09921875
2 0.8796875 0.26640625 0.02421875 0.1015625
0 0.93125 0.4875 0.0484375 0.12109375
2 0.984375 0.3640625 0.02890625 0.11875
0 0.98125 0.75546875 0.03671875 0.14609375
2 0.909375 0.871875 0.04140625 0.15703125
1 0.6421875 0.52890625 0.0140625 0.04140625