0 0.7828125 0.63984375 0.065625 0.140625
0 0.8015625 0.53359375 0.0625 0.1390625
0 0.740625 0.33984375 0.05625 0.1171875
0 0.603125 0.225 0.0484375 0.0953125
2 0.5828125 0.4453125 0.0578125 0.090625
0 0.60234375 0.6203125 0.059375 0.125
2 0.4953125 0.61953125 0.065625 0.1296875
2 0.45390625 0.596875 0.05625 0.1265625
0 0.475 0.496875 0.05625 0.1078125
2 0.42890625 0.359375 0.0484375 0.0859375
0 0.371875 0.43828125 0.05 0.1
2 0.14375 0.375 0.0375 0.06875
0 0.2703125 0.7390625 0.0578125 0.11875
2 0.25 0.90078125 0.0640625 0.134375
0 0.66328125 0.54765625 0.065625 0.1234375
1 0.65234375 0.60390625 0.021875 0.0328125
2 0.03671875 0.515625 0.0640625 0.128125