2 0.965625 0.36796875 0.0453125 0.0640625
2 0.8125 0.553125 0.0390625 0.0703125
0 0.7390625 0.61953125 0.0296875 0.0625
0 0.70546875 0.7703125 0.034375 0.0703125
0 0.5453125 0.875 0.0296875 0.065625
2 0.50546875 0.79921875 0.0328125 0.0640625
2 0.47734375 0.896875 0.021875 0.0609375
0 0.45625 0.82109375 0.0265625 0.059375
2 0.38046875 0.73046875 0.0265625 0.0671875
0 0.34921875 0.8203125 0.0265625 0.0625
0 0.32265625 0.51640625 0.0359375 0.084375
0 0.20859375 0.71328125 0.0328125 0.075
2 0.1578125 0.6234375 0.040625 0.0890625
3 0.41171875 0.659375 0.0296875 0.0875