2 0.95 0.3765625 0.040625 0.0921875
0 0.790625 0.35546875 0.0375 0.0796875
0 0.75078125 0.4890625 0.04375 0.0828125
2 0.65625 0.35859375 0.0359375 0.0734375
0 0.74453125 0.66484375 0.046875 0.1140625
2 0.60625 0.64140625 0.053125 0.1046875
0 0.42265625 0.52109375 0.04375 0.0890625
2 0.446875 0.37578125 0.03125 0.090625
2 0.38671875 0.49375 0.040625 0.0734375
0 0.34921875 0.41484375 0.0375 0.065625
1 0.28203125 0.49140625 0.01875 0.03125
0 0.88125 0.2828125 0.0390625 0.0796875
3 0.77265625 0.82109375 0.0671875 0.125
3 0.76640625 0.20546875 0.03125 0.0640625