0 0.6421875 0.27890625 0.034375 0.103125
0 0.78359375 0.45234375 0.0484375 0.121875
0 0.77109375 0.653125 0.0421875 0.1265625
0 0.72734375 0.8375 0.046875 0.1484375
0 0.54140625 0.69453125 0.0375 0.1453125
2 0.475 0.46953125 0.0359375 0.11875
2 0.1640625 0.35234375 0.0328125 0.1140625
2 0.2953125 0.52734375 0.0359375 0.128125
0 0.3625 0.4953125 0.0359375 0.1265625
0 0.0875 0.68828125 0.034375 0.1421875
1 0.740625 0.4671875 0.01875 0.0296875
0 0.28671875 0.403125 0.0296875 0.10625
3 0.321875 0.4234375 0.0375 0.1265625
3 0.67734375 0.12421875 0.0390625 0.0828125