0 0.64609375 0.540625 0.0484375 0.1
2 0.65703125 0.60546875 0.0578125 0.1109375
2 0.39609375 0.7140625 0.0578125 0.09375
0 0.34140625 0.5078125 0.065625 0.1125
2 0.1484375 0.659375 0.0578125 0.1015625
0 0.25703125 0.70390625 0.0609375 0.1
0 0.3140625 0.7109375 0.0484375 0.090625
2 0.52109375 0.6890625 0.0484375 0.096875
2 0.08828125 0.55625 0.0578125 0.10625
0 0.04140625 0.57421875 0.0578125 0.1140625
2 0.15625 0.0296875 0.09375 0.059375
3 0.14296875 0.428125 0.0671875 0.1375
3 0.44765625 0.8359375 0.053125 0.0859375