2 0.034375 0.46484375 0.0234375 0.08984375
0 0.18671875 0.41328125 0.02265625 0.0765625
0 0.2515625 0.5375 0.02890625 0.078125
2 0.31953125 0.39140625 0.0234375 0.06953125
0 0.29140625 0.70859375 0.0265625 0.11171875
2 0.42265625 0.659375 0.03515625 0.09921875
0 0.5796875 0.50625 0.02734375 0.0859375
2 0.528125 0.36796875 0.01484375 0.08984375
2 0.61015625 0.471875 0.028125 0.06953125
0 0.63203125 0.3875 0.0265625 0.06171875
1 0.7125 0.45 0.0140625 0.02890625
0 0.084375 0.359375 0.025 0.0765625
3 0.29375 0.8671875 0.0453125 0.11796875
3 0.18203125 0.26171875 0.01953125 0.06171875