2 0.79765625 0.33671875 0.071875 0.1359375
2 0.6453125 0.62421875 0.0484375 0.1
0 0.58125 0.62890625 0.0515625 0.1078125
2 0.48046875 0.75078125 0.0390625 0.0875
0 0.3984375 0.725 0.0453125 0.10625
2 0.37734375 0.81953125 0.0390625 0.0875
0 0.26953125 0.8171875 0.0375 0.0859375
2 0.171875 0.671875 0.0484375 0.1
0 0.0296875 0.69296875 0.04375 0.0859375
0 0.0421875 0.5015625 0.0578125 0.11875
2 0.36640625 0.36484375 0.05625 0.1171875
0 0.16015625 0.16875 0.0703125 0.1359375
0 0.61953125 0.26328125 0.0640625 0.13125
1 0.26015625 0.61640625 0.0203125 0.0375
3 0.76953125 0.65546875 0.05625 0.128125