0 0.2125 0.61484375 0.05 0.1265625
2 0.30234375 0.35078125 0.0546875 0.1453125
0 0.21328125 0.26171875 0.065625 0.1640625
2 0.36640625 0.69296875 0.0421875 0.096875
0 0.271875 0.73359375 0.0421875 0.0859375
2 0.47890625 0.5890625 0.0484375 0.1078125
0 0.4 0.78671875 0.0421875 0.0984375
2 0.540625 0.75546875 0.0375 0.0796875
0 0.4625 0.67890625 0.046875 0.1046875
2 0.65390625 0.60859375 0.046875 0.1234375
2 0.55625 0.4625 0.0515625 0.1203125
0 0.55703125 0.603125 0.0390625 0.1
0 0.63828125 0.3765625 0.046875 0.1296875
2 0.81796875 0.41171875 0.0484375 0.1296875
2 0.89609375 0.234375 0.0546875 0.1453125
1 0.25078125 0.69453125 0.0203125 0.0328125