0 0.27265625 0.81484375 0.0375 0.15078125
2 0.33671875 0.5953125 0.03046875 0.1234375
0 0.296875 0.50234375 0.0265625 0.115625
0 0.17734375 0.39609375 0.0296875 0.103125
2 0.21875 0.41484375 0.02109375 0.109375
2 0.4125 0.50546875 0.04609375 0.10234375
2 0.2984375 0.32421875 0.021875 0.09453125
0 0.43203125 0.3671875 0.02578125 0.10078125
0 0.26875 0.228125 0.0234375 0.09140625
2 0.41796875 0.234375 0.02578125 0.09375
2 0.49296875 0.3546875 0.03046875 0.08125
2 0.67421875 0.47109375 0.025 0.1140625
2 0.91484375 0.675 0.0265625 0.125
0 0.5859375 0.44375 0.0296875 0.10859375
1 0.26171875 0.51484375 0.0140625 0.03125
3 0.36875 0.415625 0.03828125 0.10234375