2 0.65390625 0.62265625 0.04375 0.1265625
0 0.76484375 0.790625 0.0515625 0.1515625
2 0.7375 0.39296875 0.0421875 0.1015625
0 0.7859375 0.3765625 0.0375 0.10625
0 0.70703125 0.2984375 0.0265625 0.0921875
2 0.68984375 0.31484375 0.028125 0.0921875
0 0.59296875 0.553125 0.0390625 0.11875
0 0.67109375 0.20703125 0.0359375 0.0984375
2 0.5 0.5375 0.046875 0.1109375
2 0.46796875 0.35078125 0.0359375 0.1046875
2 0.515625 0.23828125 0.0390625 0.1
0 0.4109375 0.453125 0.03125 0.1125
2 0.36875 0.403125 0.034375 0.1046875
2 0.2421875 0.54140625 0.0390625 0.1328125
1 0.7953125 0.4328125 0.0171875 0.0265625
2 0.08984375 0.74140625 0.0484375 0.165625
3 0.56640625 0.42421875 0.0546875 0.1046875