0 0.02890625 0.6328125 0.0421875 0.1125
2 0.115625 0.59453125 0.0328125 0.1
2 0.09375 0.509375 0.0296875 0.0921875
0 0.11484375 0.49609375 0.0296875 0.0953125
2 0.26640625 0.47421875 0.028125 0.0859375
0 0.27734375 0.375 0.021875 0.078125
0 0.3546875 0.4296875 0.0234375 0.078125
0 0.4296875 0.55234375 0.0359375 0.1
2 0.46953125 0.4015625 0.0296875 0.0875
2 0.5390625 0.4890625 0.03125 0.0765625
0 0.48125 0.71015625 0.0359375 0.128125
2 0.615625 0.67109375 0.03125 0.1359375
0 0.54296875 0.3171875 0.025 0.0609375
0 0.58359375 0.42578125 0.0421875 0.0671875
2 0.65 0.4296875 0.025 0.0765625
2 0.715625 0.48671875 0.028125 0.0875
0 0.7609375 0.47578125 0.028125 0.09375
2 0.66875 0.3453125 0.0203125 0.0734375
3 0.46953125 0.8546875 0.0453125 0.1359375
3 0.38984375 0.28671875 0.0328125 0.06875