2 0.7453125 0.25703125 0.0734375 0.153125
2 0.81015625 0.60390625 0.046875 0.121875
0 0.646875 0.596875 0.0546875 0.1140625
0 0.36953125 0.36953125 0.08125 0.14375
0 0.49375 0.70859375 0.04375 0.10625
2 0.34375 0.66953125 0.0484375 0.109375
2 0.3859375 0.715625 0.040625 0.0875
2 0.13515625 0.4328125 0.0625 0.1375
0 0.19296875 0.69375 0.0453125 0.0984375
2 0.2875 0.790625 0.0453125 0.096875
0 0.02734375 0.5453125 0.0546875 0.134375
2 0.7125 0.71015625 0.04375 0.096875
0 0.646875 0.70078125 0.05 0.096875
0 0.2453125 0.78046875 0.0484375 0.1015625
3 0.2515625 0.60390625 0.05625 0.1171875
3 0.9546875 0.6734375 0.0453125 0.0953125