2 0.42890625 0.5484375 0.0546875 0.1203125
0 0.45625 0.53671875 0.0484375 0.109375
2 0.54609375 0.58828125 0.053125 0.1140625
2 0.73046875 0.44296875 0.0578125 0.10625
0 0.815625 0.34921875 0.0578125 0.1171875
0 0.60234375 0.55234375 0.0578125 0.1390625
2 0.6203125 0.50625 0.05 0.1046875
2 0.36484375 0.70625 0.0484375 0.09375
2 0.3875 0.58828125 0.0484375 0.103125
2 0.23671875 0.715625 0.0453125 0.09375
2 0.09609375 0.76484375 0.053125 0.11875
3 0.253125 0.7796875 0.0375 0.059375
0 0.2296875 0.81953125 0.0515625 0.096875