0 0.31796875 0.68515625 0.06640625 0.20234375
0 0.07265625 0.36015625 0.02890625 0.0890625
2 0.34375 0.36484375 0.02890625 0.0859375
0 0.3984375 0.459375 0.03515625 0.13203125
0 0.52578125 0.68203125 0.05390625 0.1796875
0 0.4265625 0.42109375 0.021875 0.11484375
2 0.525 0.5125 0.040625 0.134375
2 0.59453125 0.465625 0.02578125 0.1203125
2 0.71015625 0.4765625 0.040625 0.1265625
2 0.62578125 0.38671875 0.021875 0.09765625
0 0.4484375 0.42265625 0.01484375 0.1015625
3 0.2265625 0.29609375 0.01953125 0.071875