2 0.190625 0.5140625 0.040625 0.0859375
2 0.209375 0.45 0.034375 0.06875
0 0.3015625 0.49921875 0.034375 0.0765625
2 0.34921875 0.346875 0.0265625 0.05
2 0.4421875 0.471875 0.0390625 0.096875
2 0.47265625 0.3953125 0.0265625 0.06875
0 0.49453125 0.41328125 0.0265625 0.071875
2 0.63828125 0.62578125 0.0421875 0.115625
0 0.68203125 0.39453125 0.0375 0.0765625
2 0.74453125 0.41953125 0.0390625 0.0953125
0 0.846875 0.30859375 0.0296875 0.08125
0 0.771875 0.25859375 0.021875 0.0515625
1 0.21484375 0.5328125 0.0140625 0.025
3 0.65234375 0.359375 0.034375 0.0609375