0 0.8 0.4234375 0.0578125 0.1265625
0 0.75859375 0.6453125 0.065625 0.1359375
0 0.8359375 0.75703125 0.0640625 0.140625
0 0.709375 0.25 0.046875 0.096875
0 0.2984375 0.66796875 0.059375 0.1375
2 0.4640625 0.55234375 0.065625 0.1375
2 0.39609375 0.37578125 0.0484375 0.1171875
2 0.4328125 0.340625 0.0421875 0.09375
2 0.4796875 0.4125 0.0546875 0.109375
2 0.44453125 0.27890625 0.0515625 0.103125
2 0.16171875 0.75703125 0.065625 0.134375
2 0.2328125 0.61484375 0.065625 0.1421875
0 0.521875 0.325 0.0625 0.1390625
0 0.559375 0.21875 0.0421875 0.0875
3 0.51484375 0.4484375 0.059375 0.128125