2 0.9734375 0.37578125 0.04375 0.11875
0 0.91953125 0.33359375 0.0390625 0.0984375
2 0.6140625 0.35390625 0.0390625 0.0828125
2 0.53984375 0.23671875 0.0359375 0.0765625
0 0.45390625 0.31875 0.0359375 0.0859375
2 0.29375 0.39296875 0.0390625 0.08125
2 0.415625 0.478125 0.04375 0.1078125
2 0.29921875 0.5125 0.0484375 0.1125
0 0.54140625 0.61953125 0.046875 0.1296875
0 0.67109375 0.5421875 0.0484375 0.109375
0 0.64296875 0.69375 0.0703125 0.121875
2 0.47890625 0.58671875 0.040625 0.1171875
2 0.36640625 0.7078125 0.05 0.128125
0 0.33046875 0.49296875 0.046875 0.1109375
1 0.35859375 0.5171875 0.0171875 0.0359375
3 0.640625 0.4203125 0.040625 0.1078125