2 0.4234375 0.46171875 0.0390625 0.1203125
0 0.4515625 0.46953125 0.034375 0.109375
2 0.53359375 0.40625 0.0375 0.1140625
2 0.7359375 0.52421875 0.0453125 0.1046875
0 0.83359375 0.6046875 0.04375 0.115625
0 0.59453125 0.43359375 0.040625 0.1390625
2 0.61875 0.47734375 0.0375 0.103125
2 0.3375 0.31484375 0.0359375 0.0921875
2 0.3765625 0.428125 0.0359375 0.1015625
2 0.209375 0.3234375 0.0328125 0.09375
2 0.06328125 0.29375 0.0375 0.11875
3 0.21640625 0.25703125 0.0296875 0.0578125
0 0.1875 0.22109375 0.0390625 0.0953125