2 0.18046875 0.47109375 0.04296875 0.128125
0 0.2203125 0.3515625 0.0359375 0.11953125
2 0.2015625 0.21796875 0.034375 0.090625
2 0.46171875 0.340625 0.04765625 0.096875
2 0.38984375 0.09296875 0.03359375 0.078125
0 0.53515625 0.1484375 0.0296875 0.07421875
2 0.7546875 0.47265625 0.040625 0.115625
2 0.69140625 0.6671875 0.03828125 0.1234375
0 0.6109375 0.6828125 0.05390625 0.13046875
0 0.896875 0.49375 0.05 0.1140625
2 0.9671875 0.24765625 0.0296875 0.09296875
0 0.79609375 0.075 0.021875 0.08515625
1 0.48125 0.7265625 0.0265625 0.03984375
3 0.6359375 0.41875 0.05234375 0.11484375