2 0.05859375 0.74296875 0.05 0.1171875
2 0.096875 0.6328125 0.0609375 0.1296875
0 0.28203125 0.5640625 0.0578125 0.1265625
0 0.33125 0.73125 0.0578125 0.1015625
2 0.35 0.665625 0.0421875 0.115625
2 0.3484375 0.56875 0.04375 0.1140625
0 0.31796875 0.60546875 0.04375 0.0921875
2 0.41484375 0.5453125 0.046875 0.109375
2 0.440625 0.578125 0.0484375 0.1171875
2 0.5359375 0.58203125 0.0546875 0.121875
0 0.48125 0.62578125 0.0515625 0.1046875
0 0.609375 0.25546875 0.059375 0.1359375
2 0.58984375 0.43828125 0.05625 0.134375
1 0.68046875 0.6203125 0.025 0.0390625
3 0.2265625 0.65234375 0.0546875 0.134375