2 0.603125 0.56328125 0.05 0.1109375
2 0.4734375 0.64609375 0.0453125 0.11875
0 0.30859375 0.49453125 0.046875 0.121875
2 0.35078125 0.72421875 0.040625 0.09375
0 0.24375 0.73515625 0.04375 0.0984375
0 0.19375 0.73046875 0.0421875 0.0921875
0 0.6234375 0.45703125 0.046875 0.1015625
2 0.1015625 0.7 0.0328125 0.103125
0 0.06953125 0.475 0.059375 0.125
2 0.0125 0.59296875 0.025 0.1203125
0 0.04296875 0.20390625 0.05 0.1484375
2 0.12421875 0.09375 0.0546875 0.159375
1 0.3609375 0.45859375 0.0171875 0.0421875