2 0.95703125 0.84921875 0.05 0.165625
0 0.93515625 0.72421875 0.0609375 0.1453125
0 0.81796875 0.42734375 0.0375 0.1125
2 0.88515625 0.59609375 0.0421875 0.1234375
0 0.65546875 0.50390625 0.0390625 0.1375
0 0.65078125 0.24296875 0.034375 0.09375
0 0.5234375 0.39375 0.0390625 0.1125
0 0.45 0.28125 0.0421875 0.09375
0 0.32265625 0.46875 0.0421875 0.121875
0 0.49453125 0.76953125 0.0515625 0.140625
2 0.31328125 0.93046875 0.04375 0.1171875
2 0.2890625 0.3875 0.0375 0.1328125
2 0.2984375 0.21875 0.03125 0.103125
2 0.1421875 0.28828125 0.0328125 0.1140625
2 0.12890625 0.49140625 0.0359375 0.128125
2 0.5453125 0.1953125 0.034375 0.06875
1 0.5578125 0.23125 0.0171875 0.034375
3 0.6859375 0.5453125 0.05 0.1296875
3 0.8109375 0.19375 0.0421875 0.0984375