2 0.17890625 0.184375 0.0578125 0.1484375
0 0.11328125 0.22578125 0.0578125 0.1390625
0 0.19453125 0.47578125 0.046875 0.115625
2 0.22890625 0.49296875 0.05 0.1203125
0 0.23828125 0.69453125 0.040625 0.1
2 0.40859375 0.80859375 0.0390625 0.090625
0 0.37734375 0.51953125 0.0484375 0.115625
0 0.45546875 0.59296875 0.046875 0.1078125
0 0.5515625 0.6875 0.0453125 0.103125
2 0.64296875 0.65546875 0.0390625 0.1078125
0 0.6890625 0.56640625 0.04375 0.109375
0 0.69375 0.30234375 0.0625 0.14375
2 0.82890625 0.57265625 0.0421875 0.11875
2 0.75390625 0.7328125 0.0390625 0.103125
2 0.86796875 0.2890625 0.0734375 0.1484375
2 0.71171875 0.834375 0.04375 0.0890625
1 0.6171875 0.68671875 0.021875 0.028125
3 0.453125 0.46796875 0.0625 0.14375