2 0.265625 0.35078125 0.0390625 0.1046875
2 0.3765625 0.3875 0.0359375 0.1203125
0 0.2296875 0.5015625 0.0359375 0.1359375
0 0.3484375 0.61875 0.0375 0.1296875
0 0.45703125 0.4625 0.034375 0.1015625
0 0.484375 0.71640625 0.0359375 0.1453125
2 0.7078125 0.61171875 0.0359375 0.134375
2 0.8015625 0.4921875 0.0328125 0.13125
0 0.83828125 0.45625 0.0296875 0.11875
2 0.515625 0.22734375 0.028125 0.0921875
2 0.375 0.17578125 0.028125 0.096875
2 0.46328125 0.128125 0.028125 0.090625
0 0.4953125 0.14296875 0.025 0.0859375
1 0.42734375 0.5859375 0.0125 0.040625
3 0.97734375 0.44375 0.04375 0.128125