2 0.5734375 0.4125 0.0546875 0.1078125
0 0.625 0.48046875 0.0515625 0.10625
2 0.71953125 0.578125 0.04375 0.078125
2 0.68125 0.659375 0.0390625 0.0734375
0 0.79375 0.66796875 0.0421875 0.078125
0 0.5203125 0.6015625 0.0359375 0.0734375
2 0.48046875 0.4890625 0.05 0.1015625
0 0.3546875 0.63515625 0.0375 0.071875
2 0.16171875 0.51953125 0.04375 0.09375
2 0.20390625 0.3984375 0.04375 0.0953125
2 0.16796875 0.3015625 0.0484375 0.0890625
0 0.246875 0.29921875 0.0421875 0.0921875
0 0.0890625 0.5109375 0.0328125 0.0734375
1 0.290625 0.26484375 0.01875 0.028125
0 0.084375 0.37421875 0.0453125 0.0875
3 0.3203125 0.43203125 0.0546875 0.1015625