2 0.3875 0.478125 0.028125 0.0859375
0 0.353125 0.24296875 0.028125 0.059375
0 0.4625 0.22109375 0.0203125 0.05625
0 0.53046875 0.340625 0.021875 0.0734375
2 0.50546875 0.2140625 0.0203125 0.0671875
0 0.5953125 0.20625 0.0234375 0.0578125
2 0.6125 0.2578125 0.0296875 0.053125
0 0.7234375 0.2796875 0.025 0.0578125
2 0.86796875 0.5078125 0.034375 0.075
0 0.83828125 0.80625 0.046875 0.0734375
2 0.2734375 0.11875 0.03125 0.05
0 0.3265625 0.13203125 0.0234375 0.05625
3 0.3265625 0.3265625 0.0265625 0.0609375