2 0.34140625 0.73203125 0.0453125 0.0984375
0 0.40390625 0.79453125 0.0484375 0.0828125
0 0.2390625 0.696875 0.05 0.0984375
2 0.2515625 0.58515625 0.0578125 0.1109375
2 0.3203125 0.3484375 0.05625 0.1375
0 0.35390625 0.18828125 0.071875 0.1390625
0 0.52421875 0.64375 0.0421875 0.1015625
2 0.5671875 0.85859375 0.0359375 0.0890625
0 0.70078125 0.75625 0.0375 0.075
2 0.8921875 0.6625 0.0375 0.09375
0 0.67578125 0.3453125 0.04375 0.121875
2 0.7125 0.296875 0.0484375 0.1453125
2 0.3984375 0.20234375 0.0609375 0.140625
1 0.38046875 0.61875 0.025 0.046875
0 0.43203125 0.27890625 0.05 0.1375
3 0.47421875 0.54765625 0.065625 0.1359375