0 0.89765625 0.42265625 0.053125 0.13125
2 0.83515625 0.50234375 0.059375 0.1265625
2 0.575 0.3046875 0.040625 0.0953125
0 0.5875 0.3953125 0.046875 0.0984375
2 0.52265625 0.38984375 0.0515625 0.0890625
2 0.68203125 0.73359375 0.053125 0.1390625
0 0.75546875 0.80234375 0.0640625 0.1625
0 0.71875 0.22109375 0.04375 0.109375
0 0.34921875 0.39296875 0.0453125 0.1078125
2 0.2609375 0.2546875 0.0375 0.09375
0 0.1921875 0.29609375 0.0390625 0.0875
2 0.1390625 0.31953125 0.040625 0.0953125
2 0.27578125 0.57421875 0.0453125 0.11875
0 0.14296875 0.7015625 0.05625 0.121875
3 0.23828125 0.4234375 0.0484375 0.1203125