0 0.278125 0.1734375 0.05625 0.15
2 0.40625 0.51640625 0.0484375 0.090625
2 0.4640625 0.26640625 0.0515625 0.1375
0 0.59296875 0.1359375 0.0515625 0.159375
0 0.48671875 0.4875 0.0453125 0.1078125
2 0.49140625 0.6859375 0.0359375 0.103125
2 0.6015625 0.4796875 0.0453125 0.1328125
2 0.7671875 0.6453125 0.0359375 0.1015625
0 0.79375 0.22421875 0.05625 0.1421875
0 0.29765625 0.71640625 0.034375 0.0953125
2 0.9171875 0.521875 0.0578125 0.14375
2 0.978125 0.434375 0.04375 0.128125
0 0.49765625 0.584375 0.04375 0.103125
1 0.3265625 0.69453125 0.0171875 0.03125
3 0.6296875 0.5421875 0.046875 0.121875