2 0.1328125 0.275 0.0515625 0.1453125
2 0.184375 0.55078125 0.0453125 0.13125
0 0.2796875 0.62734375 0.0375 0.115625
0 0.07109375 0.7421875 0.046875 0.121875
0 0.03125 0.22265625 0.0484375 0.1578125
0 0.384375 0.834375 0.0328125 0.1
2 0.41328125 0.6671875 0.0328125 0.1015625
2 0.6171875 0.7609375 0.04375 0.09375
0 0.70859375 0.7203125 0.0375 0.0921875
0 0.5828125 0.6296875 0.04375 0.0765625
2 0.6375 0.50703125 0.04375 0.115625
0 0.57734375 0.37578125 0.046875 0.1171875
2 0.65546875 0.66484375 0.0375 0.084375
2 0.6859375 0.61796875 0.0359375 0.0828125
2 0.89453125 0.4921875 0.0421875 0.115625
0 0.946875 0.5015625 0.0359375 0.1203125
1 0.64453125 0.60859375 0.0171875 0.0328125
0 0.928125 0.0484375 0.046875 0.096875
3 0.59765625 0.56640625 0.0453125 0.1375