2 0.865625 0.53125 0.015625 0.06875
2 0.8296875 0.396875 0.01875 0.0828125
2 0.82109375 0.3 0.021875 0.09375
2 0.7265625 0.4859375 0.0203125 0.08125
0 0.67265625 0.26171875 0.03125 0.1
0 0.653125 0.40078125 0.0203125 0.0796875
2 0.64921875 0.596875 0.0140625 0.0640625
2 0.646875 0.53203125 0.01875 0.0625
2 0.5734375 0.3484375 0.0234375 0.075
2 0.528125 0.56640625 0.0203125 0.071875
2 0.490625 0.46484375 0.0125 0.0625
0 0.4703125 0.5203125 0.01875 0.0625
0 0.375 0.4203125 0.01875 0.0734375
0 0.34765625 0.38125 0.0171875 0.071875
0 0.2875 0.38515625 0.01875 0.071875
0 0.240625 0.5390625 0.015625 0.065625
0 0.24453125 0.26171875 0.01875 0.0921875
0 0.13125 0.4265625 0.015625 0.078125
3 0.61171875 0.534375 0.01875 0.078125