0 0.79921875 0.396875 0.0609375 0.1375
0 0.81953125 0.71640625 0.0703125 0.159375
0 0.70390625 0.24453125 0.046875 0.0953125
2 0.43828125 0.54921875 0.059375 0.1546875
2 0.72890625 0.64609375 0.0703125 0.18125
2 0.58828125 0.3265625 0.05625 0.134375
2 0.4453125 0.26640625 0.046875 0.103125
2 0.49140625 0.309375 0.05 0.1140625
2 0.3453125 0.38671875 0.05 0.1171875
2 0.1703125 0.60390625 0.065625 0.1375
2 0.109375 0.7703125 0.0609375 0.15
0 0.325 0.64453125 0.0578125 0.1375
0 0.58828125 0.21171875 0.04375 0.0953125
3 0.4984375 0.425 0.05 0.125
0 0.55546875 0.3078125 0.0453125 0.109375