2 0.23828125 0.33046875 0.05625 0.134375
2 0.51796875 0.4921875 0.065625 0.0953125
0 0.66640625 0.5375 0.0828125 0.1125
2 0.70703125 0.73359375 0.053125 0.0921875
0 0.6015625 0.63984375 0.0640625 0.103125
2 0.92890625 0.68046875 0.053125 0.11875
2 0.60625 0.77734375 0.0453125 0.084375
0 0.53359375 0.7546875 0.0515625 0.0984375
0 0.43359375 0.7421875 0.05625 0.0859375
0 0.346875 0.659375 0.05 0.096875
2 0.2953125 0.63671875 0.046875 0.0953125
0 0.3171875 0.54375 0.0515625 0.0984375
2 0.1703125 0.69921875 0.0421875 0.084375
0 0.1515625 0.66015625 0.04375 0.0859375
2 0.19140625 0.590625 0.05 0.1015625
0 0.15546875 0.54296875 0.0484375 0.103125
0 0.14296875 0.35703125 0.0578125 0.1265625