2 0.90703125 0.759375 0.0421875 0.115625
2 0.6109375 0.6078125 0.0453125 0.121875
0 0.53046875 0.615625 0.0359375 0.1125
2 0.465625 0.7765625 0.0359375 0.090625
0 0.3796875 0.771875 0.03125 0.1
2 0.35703125 0.8625 0.03125 0.0921875
0 0.27734375 0.86640625 0.03125 0.090625
2 0.1578125 0.75078125 0.03125 0.1078125
2 0.58203125 0.26015625 0.040625 0.1265625
2 0.2921875 0.340625 0.0453125 0.1015625
0 0.2828125 0.24140625 0.0546875 0.1125
1 0.3828125 0.3046875 0.0234375 0.0390625
3 0.73515625 0.640625 0.0390625 0.13125