0 0.64453125 0.74375 0.0671875 0.1546875
0 0.51796875 0.37578125 0.0546875 0.1125
2 0.51328125 0.15390625 0.0375 0.0828125
0 0.69609375 0.20078125 0.0390625 0.090625
0 0.32421875 0.29375 0.04375 0.1
2 0.2796875 0.36015625 0.0484375 0.096875
2 0.2890625 0.5171875 0.046875 0.10625
0 0.221875 0.5421875 0.0578125 0.1078125
0 0.20546875 0.42890625 0.046875 0.0953125
0 0.3859375 0.63828125 0.0734375 0.125
2 0.36171875 0.72421875 0.0703125 0.1328125
2 0.47578125 0.72421875 0.0546875 0.121875
0 0.459375 0.803125 0.0765625 0.1390625
0 0.815625 0.59453125 0.0515625 0.13125
2 0.93203125 0.584375 0.0609375 0.1390625
1 0.24609375 0.471875 0.025 0.0390625
3 0.90390625 0.20390625 0.059375 0.1140625
3 0.4875 0.46875 0.065625 0.14375