2 0.89453125 0.65390625 0.0421875 0.103125
2 0.675 0.66015625 0.0484375 0.09375
2 0.55 0.79375 0.034375 0.075
0 0.496875 0.68203125 0.046875 0.090625
2 0.465625 0.5109375 0.0609375 0.1046875
0 0.6203125 0.43671875 0.046875 0.1109375
0 0.5484375 0.328125 0.0625 0.1265625
0 0.45546875 0.36328125 0.0515625 0.125
2 0.4203125 0.371875 0.0484375 0.1203125
2 0.39765625 0.25 0.05625 0.1203125
2 0.275 0.60625 0.046875 0.0875
0 0.30234375 0.47421875 0.04375 0.109375
2 0.2671875 0.3921875 0.05 0.115625
1 0.49609375 0.41640625 0.025 0.04375
3 0.615625 0.57265625 0.053125 0.1140625