0 0.634375 0.3515625 0.0390625 0.1
2 0.58125 0.3921875 0.0453125 0.10625
2 0.8265625 0.35625 0.040625 0.096875
2 0.8671875 0.48046875 0.0421875 0.090625
2 0.88671875 0.64609375 0.034375 0.0796875
2 0.72109375 0.5515625 0.03125 0.090625
2 0.62734375 0.675 0.03125 0.065625
2 0.6484375 0.6 0.03125 0.075
0 0.603125 0.52578125 0.0296875 0.0703125
2 0.49296875 0.6109375 0.028125 0.06875
2 0.49296875 0.4890625 0.0265625 0.071875
0 0.4296875 0.57109375 0.0296875 0.065625
0 0.36015625 0.41171875 0.03125 0.0796875
0 0.315625 0.44765625 0.0328125 0.0921875
0 0.20703125 0.52734375 0.034375 0.0796875
0 0.27890625 0.39140625 0.03125 0.0796875
0 0.14140625 0.3984375 0.028125 0.078125
0 0.22265625 0.2265625 0.0421875 0.0796875
3 0.609375 0.59609375 0.0359375 0.0828125
3 0.7796875 0.7734375 0.0328125 0.0640625