0 0.721875 0.18125 0.040625 0.1515625
2 0.66171875 0.4015625 0.0328125 0.1234375
0 0.703125 0.49375 0.028125 0.115625
0 0.82421875 0.5984375 0.03125 0.103125
2 0.7828125 0.58046875 0.0234375 0.109375
2 0.5875 0.49296875 0.0484375 0.103125
2 0.7046875 0.671875 0.0234375 0.0953125
0 0.5703125 0.63125 0.028125 0.1015625
0 0.7359375 0.76796875 0.025 0.0921875
2 0.58671875 0.7640625 0.028125 0.09375
2 0.509375 0.6453125 0.03125 0.08125
2 0.3265625 0.53203125 0.0265625 0.1140625
2 0.08203125 0.33203125 0.028125 0.125
0 0.41484375 0.5578125 0.03125 0.109375
1 0.73828125 0.48125 0.0140625 0.03125
3 0.6328125 0.58203125 0.040625 0.103125