0 0.79140625 0.6359375 0.05625 0.0875
0 0.875 0.31640625 0.059375 0.1234375
2 0.82109375 0.23125 0.0625 0.14375
2 0.65 0.0578125 0.0625 0.115625
0 0.56796875 0.034375 0.0578125 0.06875
2 0.60703125 0.646875 0.046875 0.0984375
0 0.54140625 0.46328125 0.0609375 0.11875
0 0.4078125 0.81328125 0.0421875 0.0734375
0 0.34453125 0.646875 0.0546875 0.1125
2 0.32734375 0.8015625 0.034375 0.08125
2 0.29765625 0.625 0.0515625 0.1
2 0.18046875 0.43359375 0.0640625 0.1375
2 0.115625 0.7890625 0.0578125 0.1171875
1 0.7796875 0.58125 0.021875 0.0328125
3 0.15078125 0.65859375 0.0609375 0.13125
3 0.77109375 0.75078125 0.053125 0.10625