0 0.703125 0.07734375 0.059375 0.1546875
0 0.79453125 0.30703125 0.05 0.1421875
0 0.55078125 0.28671875 0.0515625 0.159375
2 0.47734375 0.37109375 0.0453125 0.1390625
0 0.4125 0.32109375 0.05 0.1296875
0 0.07734375 0.3359375 0.0484375 0.14375
2 0.47109375 0.553125 0.0421875 0.1046875
0 0.37890625 0.53203125 0.0421875 0.1078125
2 0.290625 0.5109375 0.0375 0.109375
2 0.16484375 0.68828125 0.0453125 0.1203125
2 0.34609375 0.67734375 0.046875 0.1140625
0 0.65390625 0.7109375 0.04375 0.1078125
0 0.8640625 0.5140625 0.04375 0.1203125
1 0.59375 0.67421875 0.0203125 0.0375
3 0.7578125 0.83359375 0.0359375 0.0921875
3 0.3046875 0.60078125 0.0390625 0.0984375