0 0.521875 0.53828125 0.0578125 0.115625
2 0.4625 0.3640625 0.0578125 0.11875
2 0.42890625 0.20625 0.040625 0.1078125
0 0.3140625 0.18984375 0.0421875 0.0890625
0 0.1140625 0.21640625 0.046875 0.1140625
2 0.58203125 0.25234375 0.0296875 0.078125
2 0.45390625 0.24765625 0.0328125 0.0953125
2 0.59375 0.47421875 0.05625 0.103125
0 0.5453125 0.38046875 0.05 0.1109375
2 0.50859375 0.328125 0.046875 0.1078125
2 0.615625 0.33515625 0.0375 0.0984375
1 0.29140625 0.22578125 0.015625 0.0203125
3 0.49765625 0.2140625 0.0390625 0.0890625
3 0.5453125 0.88359375 0.0921875 0.178125