2 0.9421875 0.49765625 0.021875 0.090625
0 0.91328125 0.47265625 0.025 0.090625
2 0.92890625 0.58046875 0.0203125 0.1
0 0.73984375 0.36875 0.021875 0.0796875
0 0.6578125 0.41796875 0.0234375 0.0859375
2 0.76640625 0.4609375 0.0171875 0.0828125
0 0.5984375 0.54921875 0.0328125 0.1015625
0 0.5546875 0.71171875 0.0296875 0.10625
2 0.42265625 0.68125 0.03125 0.11875
2 0.53671875 0.40625 0.01875 0.0703125
2 0.46875 0.4890625 0.0265625 0.0625
2 0.30390625 0.5046875 0.0296875 0.0734375
0 0.26640625 0.49609375 0.025 0.1
2 0.33359375 0.36171875 0.0203125 0.065625
0 0.28515625 0.3890625 0.021875 0.059375
0 0.47734375 0.3171875 0.01875 0.0625
3 0.5703125 0.85 0.034375 0.1375