0 0.66953125 0.56875 0.05625 0.1203125
0 0.6515625 0.790625 0.059375 0.1171875
0 0.78203125 0.68984375 0.0625 0.1328125
0 0.390625 0.6546875 0.0515625 0.1078125
0 0.53515625 0.615625 0.053125 0.1078125
2 0.3234375 0.5875 0.0640625 0.1234375
0 0.3546875 0.48125 0.0578125 0.115625
2 0.25 0.71015625 0.04375 0.0875
2 0.4796875 0.80703125 0.0453125 0.096875
2 0.16953125 0.596875 0.0484375 0.0921875
2 0.225 0.41484375 0.059375 0.1140625
2 0.36875 0.11484375 0.0796875 0.1578125
0 0.5203125 0.24375 0.065625 0.15
2 0.98984375 0.359375 0.0203125 0.14375
2 0.84921875 0.5984375 0.0515625 0.1140625
3 0.65078125 0.5046875 0.0671875 0.140625
3 0.7015625 0.92734375 0.0515625 0.0890625