0 0.9390625 0.47578125 0.0296875 0.1453125
2 0.8046875 0.52109375 0.0296875 0.1390625
0 0.9 0.659375 0.0453125 0.165625
2 0.815625 0.6890625 0.0390625 0.1671875
0 0.65703125 0.7109375 0.05625 0.1421875
2 0.5671875 0.54375 0.034375 0.1453125
2 0.4828125 0.8125 0.0484375 0.1859375
0 0.46015625 0.4859375 0.05 0.1421875
2 0.41875 0.40390625 0.0375 0.1421875
2 0.275 0.50078125 0.0359375 0.1421875
0 0.47734375 0.24453125 0.0328125 0.1
2 0.3453125 0.36796875 0.0359375 0.071875
1 0.06796875 0.434375 0.021875 0.0375
3 0.62578125 0.42109375 0.0453125 0.153125