0 0.23515625 0.42734375 0.0515625 0.115625
2 0.28671875 0.50078125 0.046875 0.121875
0 0.30625 0.49296875 0.0421875 0.1234375
2 0.36328125 0.50390625 0.0515625 0.115625
2 0.36875 0.3484375 0.0515625 0.1125
2 0.5140625 0.47578125 0.040625 0.1265625
0 0.48046875 0.3640625 0.0390625 0.109375
2 0.56640625 0.30703125 0.0390625 0.1140625
2 0.5 0.36171875 0.0328125 0.1
0 0.65546875 0.39453125 0.0453125 0.103125
2 0.6765625 0.51640625 0.0453125 0.121875
0 0.60078125 0.621875 0.05625 0.14375
0 0.45625 0.2796875 0.0359375 0.06875
3 0.30625 0.3875 0.05 0.121875