2 0.85625 0.58828125 0.0265625 0.0703125
2 0.84140625 0.45 0.03125 0.084375
2 0.8484375 0.35234375 0.0375 0.096875
2 0.72578125 0.521875 0.0328125 0.0828125
0 0.7078125 0.29140625 0.0453125 0.103125
0 0.66640625 0.42578125 0.0328125 0.08125
2 0.63203125 0.61875 0.0234375 0.065625
2 0.63984375 0.5546875 0.028125 0.0640625
2 0.59609375 0.36171875 0.034375 0.078125
2 0.5171875 0.5703125 0.03125 0.0734375
2 0.49609375 0.4640625 0.021875 0.0640625
0 0.4671875 0.515625 0.028125 0.0640625
0 0.3890625 0.4015625 0.0296875 0.075
0 0.36796875 0.35859375 0.028125 0.075
0 0.3078125 0.353125 0.03125 0.0734375
0 0.2375 0.49765625 0.025 0.0671875
0 0.28515625 0.225 0.034375 0.09375
0 0.14765625 0.36953125 0.028125 0.0796875
3 0.6046875 0.5515625 0.03125 0.08125