0 0.0625 0.43828125 0.0609375 0.1359375
2 0.125 0.49765625 0.0484375 0.125
2 0.37265625 0.40234375 0.0421875 0.1046875
2 0.28046875 0.709375 0.05625 0.1375
0 0.18515625 0.76953125 0.0625 0.1625
0 0.2203125 0.23671875 0.0375 0.0921875
2 0.46328125 0.33203125 0.0484375 0.096875
2 0.6875 0.265625 0.0484375 0.0859375
0 0.61484375 0.40625 0.034375 0.0890625
0 0.753125 0.30625 0.0453125 0.084375
2 0.8265625 0.33203125 0.0375 0.078125
2 0.68515625 0.5375 0.046875 0.103125
0 0.7078125 0.66640625 0.053125 0.1265625
2 0.9 0.46875 0.04375 0.1046875
0 0.565625 0.18359375 0.0296875 0.071875
1 0.628125 0.425 0.015625 0.0265625
3 0.69921875 0.42578125 0.0625 0.134375
3 0.29609375 0.09453125 0.0375 0.0828125