0 0.97734375 0.49375 0.0453125 0.128125
2 0.9125 0.51640625 0.05 0.115625
2 0.884375 0.6109375 0.0421875 0.084375
0 0.64140625 0.7 0.0359375 0.0734375
0 0.66015625 0.62265625 0.0328125 0.071875
2 0.60546875 0.65703125 0.034375 0.059375
2 0.54609375 0.6078125 0.0421875 0.06875
2 0.51875 0.509375 0.0375 0.084375
0 0.46953125 0.43515625 0.0484375 0.0921875
0 0.5875 0.34296875 0.0484375 0.109375
2 0.403125 0.32109375 0.0484375 0.109375
0 0.4640625 0.59609375 0.0359375 0.0765625
0 0.33125 0.66171875 0.03125 0.059375
0 0.3109375 0.628125 0.0296875 0.0734375
0 0.2984375 0.59921875 0.025 0.059375
2 0.2546875 0.5828125 0.0328125 0.0671875
2 0.29140625 0.4296875 0.0421875 0.0890625
2 0.23828125 0.48046875 0.0375 0.09375
0 0.19453125 0.4265625 0.040625 0.0921875
3 0.5859375 0.18046875 0.0734375 0.1390625
3 0.509375 0.73828125 0.040625 0.0859375
3 0.38671875 0.54921875 0.040625 0.08125