0 0.740625 0.91015625 0.0453125 0.1671875
0 0.81015625 0.66640625 0.0375 0.140625
0 0.56953125 0.7078125 0.0375 0.159375
2 0.48828125 0.63046875 0.0328125 0.1390625
0 0.428125 0.6859375 0.040625 0.128125
0 0.09375 0.7 0.0359375 0.14375
2 0.46640625 0.45 0.0328125 0.103125
0 0.37734375 0.47890625 0.0328125 0.10625
2 0.290625 0.50703125 0.028125 0.109375
2 0.15 0.34140625 0.034375 0.1203125
2 0.33125 0.33671875 0.0375 0.1125
0 0.634375 0.2765625 0.0359375 0.10625
0 0.8609375 0.45390625 0.034375 0.11875
1 0.578125 0.31796875 0.01875 0.0375
3 0.72734375 0.1453125 0.028125 0.090625
3 0.296875 0.4171875 0.03125 0.096875