0 0.1296875 0.7140625 0.034375 0.13359375
0 0.12421875 0.53125 0.02890625 0.12734375
2 0.07265625 0.50078125 0.021875 0.11484375
2 0.2109375 0.5578125 0.0296875 0.109375
2 0.171875 0.384375 0.03125 0.1046875
0 0.27578125 0.3421875 0.0234375 0.109375
2 0.33515625 0.45703125 0.03203125 0.10546875
0 0.6921875 0.3625 0.0265625 0.08515625
2 0.78359375 0.646875 0.03046875 0.1390625
1 0.8734375 0.2890625 0.0140625 0.02734375
3 0.5046875 0.19921875 0.02421875 0.10703125
3 0.5734375 0.440625 0.02578125 0.12265625