0 0.8203125 0.490625 0.05 0.1125
0 0.78671875 0.68203125 0.0515625 0.125
0 0.7265625 0.31640625 0.0390625 0.1046875
0 0.71953125 0.8125 0.0609375 0.1546875
0 0.559375 0.6890625 0.053125 0.1390625
2 0.54921875 0.4953125 0.0453125 0.1109375
2 0.51171875 0.61484375 0.05625 0.1140625
0 0.43359375 0.48984375 0.0421875 0.1109375
2 0.38828125 0.54375 0.05 0.1125
0 0.38125 0.3953125 0.0390625 0.1046875
2 0.4125 0.375 0.0421875 0.115625
0 0.15078125 0.63125 0.05 0.125
2 0.25 0.30234375 0.046875 0.1046875
2 0.0453125 0.7609375 0.0609375 0.1484375
1 0.78828125 0.53515625 0.01875 0.028125
0 0.5921875 0.621875 0.0609375 0.121875
3 0.43125 0.42734375 0.04375 0.1109375
2 0.046875 0.3515625 0.059375 0.15