0 0.190625 0.49296875 0.03046875 0.1234375
0 0.28046875 0.7 0.0375 0.13125
0 0.23046875 0.82578125 0.034375 0.1359375
0 0.23984375 0.303125 0.0265625 0.09296875
0 0.734375 0.61796875 0.03046875 0.134375
2 0.546875 0.54296875 0.0359375 0.1328125
2 0.5734375 0.35546875 0.0234375 0.11484375
2 0.5296875 0.3296875 0.02265625 0.090625
2 0.5 0.41015625 0.03125 0.1046875
2 0.50390625 0.271875 0.0296875 0.0984375
2 0.8875 0.67421875 0.03828125 0.12890625
2 0.7859375 0.5515625 0.03515625 0.13828125
0 0.4390625 0.334375 0.03359375 0.13515625
0 0.37890625 0.2390625 0.02421875 0.084375
3 0.47421875 0.453125 0.0328125 0.1234375