2 0.9734375 0.45078125 0.053125 0.1265625
2 0.91875 0.55546875 0.05 0.103125
0 0.8578125 0.63984375 0.0453125 0.096875
2 0.7890625 0.471875 0.0578125 0.1
0 0.83203125 0.50234375 0.0421875 0.0984375
0 0.62890625 0.509375 0.0484375 0.109375
0 0.59765625 0.54921875 0.0453125 0.090625
2 0.31796875 0.4796875 0.0515625 0.109375
2 0.4828125 0.63125 0.0609375 0.0984375
2 0.5828125 0.60625 0.0484375 0.1078125
0 0.3078125 0.22421875 0.0640625 0.140625
2 0.48515625 0.56015625 0.0609375 0.090625
3 0.80234375 0.5578125 0.0390625 0.08125