2 0.984375 0.35390625 0.03125 0.1609375
2 0.91953125 0.73828125 0.040625 0.125
2 0.61796875 0.6421875 0.053125 0.1328125
2 0.5171875 0.728125 0.0515625 0.1125
0 0.43203125 0.6484375 0.0421875 0.121875
0 0.16796875 0.68046875 0.040625 0.1234375
2 0.1671875 0.4484375 0.0453125 0.15
0 0.12734375 0.43359375 0.0546875 0.15
2 0.56953125 0.5578125 0.05 0.13125
0 0.8890625 0.73203125 0.040625 0.11875
0 0.84296875 0.09296875 0.04375 0.121875
1 0.4203125 0.58125 0.015625 0.0359375
3 0.8828125 0.5265625 0.053125 0.1484375