2 0.08984375 0.625 0.040625 0.1296875
0 0.5203125 0.55859375 0.0375 0.1125
2 0.6234375 0.534375 0.0421875 0.109375
2 0.70625 0.46171875 0.034375 0.115625
0 0.7390625 0.32734375 0.0390625 0.13125
2 0.73046875 0.1671875 0.046875 0.1515625
2 0.7890625 0.35234375 0.0390625 0.1359375
2 0.8140625 0.53203125 0.0421875 0.103125
0 0.8890625 0.3984375 0.040625 0.121875
0 0.63515625 0.6421875 0.0296875 0.0890625
2 0.5625 0.7375 0.0328125 0.0796875
1 0.40546875 0.6078125 0.0171875 0.0359375
3 0.56953125 0.57109375 0.0484375 0.1234375