0 0.33203125 0.29765625 0.046875 0.1046875
0 0.2125 0.4875 0.0625 0.1234375
0 0.24921875 0.68515625 0.05625 0.1296875
0 0.315625 0.86328125 0.0640625 0.1515625
0 0.4828125 0.6984375 0.0546875 0.146875
2 0.52109375 0.46640625 0.0484375 0.1203125
2 0.815625 0.3125 0.0453125 0.115625
2 0.70625 0.50234375 0.05 0.1296875
0 0.6359375 0.478125 0.05 0.128125
0 0.93203125 0.63671875 0.0515625 0.1421875
1 0.2578125 0.496875 0.021875 0.03125
0 0.7 0.37734375 0.0421875 0.1078125
3 0.6671875 0.40234375 0.0515625 0.128125
3 0.278125 0.1484375 0.046875 0.0859375