2 0.3953125 0.453125 0.034375 0.0875
0 0.4140625 0.21640625 0.0328125 0.0609375
0 0.52578125 0.2203125 0.025 0.05625
0 0.565625 0.3515625 0.028125 0.0734375
2 0.5703125 0.22265625 0.025 0.0671875
0 0.659375 0.23515625 0.028125 0.059375
2 0.6640625 0.2890625 0.0328125 0.0546875
0 0.7671875 0.3359375 0.0296875 0.059375
2 0.85625 0.590625 0.040625 0.0765625
0 0.7609375 0.87421875 0.0515625 0.0765625
2 0.36484375 0.07734375 0.034375 0.0515625
0 0.41328125 0.10234375 0.028125 0.0578125
3 0.3703125 0.2921875 0.03125 0.0625