0 0.27109375 0.65078125 0.0515625 0.115625
2 0.296875 0.565625 0.046875 0.121875
0 0.31875 0.56640625 0.0421875 0.1234375
2 0.36875 0.5390625 0.0515625 0.115625
2 0.421875 0.68515625 0.0515625 0.1125
2 0.52109375 0.51875 0.040625 0.1265625
0 0.5234375 0.63515625 0.0390625 0.109375
2 0.6234375 0.66328125 0.0390625 0.1140625
2 0.54296875 0.63125 0.0328125 0.1
0 0.68046875 0.55234375 0.0453125 0.103125
2 0.66328125 0.4296875 0.0453125 0.121875
0 0.55859375 0.353125 0.05625 0.14375
0 0.5265625 0.72265625 0.0359375 0.06875
3 0.35078125 0.6671875 0.05 0.121875