0 0.1046875 0.68203125 0.053125 0.125
2 0.18984375 0.6390625 0.04375 0.10625
2 0.1578125 0.56015625 0.0359375 0.0875
0 0.30546875 0.39921875 0.0359375 0.08125
2 0.33359375 0.48125 0.034375 0.0953125
0 0.375 0.44921875 0.0453125 0.084375
2 0.4765625 0.40703125 0.0328125 0.0875
2 0.55 0.484375 0.034375 0.071875
0 0.48828125 0.55625 0.040625 0.0859375
0 0.5375 0.6921875 0.04375 0.1140625
2 0.67265625 0.6390625 0.05 0.115625
2 0.7078125 0.4109375 0.0296875 0.0671875
2 0.74921875 0.47265625 0.0375 0.0828125
0 0.7984375 0.44296875 0.0390625 0.0890625
2 0.66953125 0.3234375 0.0390625 0.065625
0 0.5703125 0.3 0.0359375 0.06875
1 0.59609375 0.43125 0.0140625 0.0234375
3 0.54921875 0.8265625 0.0515625 0.1234375
3 0.40859375 0.29140625 0.034375 0.0734375
3 0.58125 0.43828125 0.0375 0.08125