2 0.584375 0.4859375 0.0484375 0.128125
0 0.7203125 0.48046875 0.0421875 0.1203125
2 0.825 0.4578125 0.0515625 0.13125
2 0.84921875 0.378125 0.053125 0.1234375
0 0.20234375 0.76015625 0.046875 0.109375
2 0.4203125 0.66640625 0.040625 0.084375
0 0.46640625 0.65078125 0.046875 0.1125
2 0.5578125 0.7078125 0.0453125 0.0875
2 0.421875 0.74140625 0.040625 0.1046875
0 0.5296875 0.759375 0.0484375 0.10625
1 0.17421875 0.71796875 0.021875 0.0328125
0 0.0484375 0.66015625 0.065625 0.1515625
3 0.4 0.75 0.04375 0.11875
0 0.8796875 0.14609375 0.075 0.1625