0 0.95234375 0.79296875 0.0546875 0.0859375
0 0.63203125 0.21640625 0.0296875 0.0609375
2 0.56015625 0.3953125 0.0359375 0.078125
2 0.49296875 0.25859375 0.0234375 0.0640625
0 0.52265625 0.24140625 0.0234375 0.05
0 0.4296875 0.371875 0.021875 0.0671875
0 0.34375 0.215625 0.021875 0.0671875
2 0.31796875 0.2734375 0.0203125 0.053125
0 0.23046875 0.2984375 0.0234375 0.06875
2 0.65859375 0.0921875 0.0140625 0.065625
0 0.56953125 0.115625 0.0203125 0.059375
2 0.02265625 0.625 0.0421875 0.0640625
1 0.61640625 0.09921875 0.0140625 0.0328125