0 0.83984375 0.60625 0.028125 0.115625
0 0.69609375 0.75390625 0.028125 0.1
2 0.5359375 0.803125 0.028125 0.0890625
0 0.55703125 0.61328125 0.0234375 0.103125
2 0.9 0.47265625 0.03125 0.1265625
0 0.5109375 0.23828125 0.0375 0.134375
2 0.34375 0.6078125 0.028125 0.1125
0 0.43828125 0.69609375 0.028125 0.103125
2 0.3328125 0.76171875 0.021875 0.0921875
2 0.175 0.675 0.025 0.1015625
2 0.20234375 0.47578125 0.0265625 0.1265625
0 0.36328125 0.515625 0.0234375 0.096875
2 0.33515625 0.08125 0.0515625 0.1625
3 0.6921875 0.4703125 0.0328125 0.109375