0 0.92421875 0.784375 0.0609375 0.1546875
0 0.65703125 0.79375 0.0640625 0.171875
2 0.5296875 0.70390625 0.0515625 0.1328125
0 0.41953125 0.79765625 0.0671875 0.15625
0 0.15859375 0.734375 0.0625 0.1390625
2 0.5515625 0.48984375 0.040625 0.1078125
0 0.47421875 0.503125 0.0515625 0.11875
2 0.36796875 0.5265625 0.05625 0.1296875
2 0.44921875 0.33203125 0.046875 0.1203125
0 0.69765625 0.3078125 0.0421875 0.103125
2 0.215625 0.35390625 0.0484375 0.109375
2 0.05859375 0.4390625 0.053125 0.1359375
1 0.634375 0.32265625 0.0203125 0.0328125
3 0.3515625 0.45 0.0484375 0.1265625