2 0.94921875 0.33984375 0.0484375 0.121875
2 0.825 0.49765625 0.0421875 0.10625
2 0.909375 0.49765625 0.05 0.103125
2 0.7890625 0.6015625 0.040625 0.090625
0 0.8703125 0.68125 0.0328125 0.0796875
0 0.809375 0.096875 0.065625 0.1390625
0 0.67421875 0.5296875 0.0546875 0.1078125
2 0.6609375 0.58828125 0.034375 0.08125
0 0.5859375 0.47578125 0.0546875 0.096875
2 0.49765625 0.52890625 0.0515625 0.1015625
2 0.534375 0.6125 0.0421875 0.0828125
2 0.27265625 0.3859375 0.0546875 0.115625
0 0.19609375 0.2078125 0.0640625 0.1421875
1 0.55390625 0.609375 0.015625 0.028125
3 0.878125 0.559375 0.0515625 0.115625