0 0.74765625 0.18828125 0.0484375 0.146875
0 0.85625 0.646875 0.0359375 0.1046875
2 0.7703125 0.60390625 0.0421875 0.1125
2 0.70859375 0.4453125 0.034375 0.1109375
0 0.74296875 0.5421875 0.03125 0.0984375
0 0.7265625 0.78984375 0.028125 0.0828125
0 0.56484375 0.6125 0.0390625 0.1078125
0 0.45703125 0.5390625 0.0359375 0.1015625
2 0.421875 0.5734375 0.0296875 0.096875
2 0.38203125 0.5296875 0.0296875 0.1046875
2 0.55625 0.75078125 0.0328125 0.0796875
0 0.62109375 0.68515625 0.0328125 0.071875
2 0.146875 0.3 0.0390625 0.128125
2 0.66484375 0.67578125 0.028125 0.06875
2 0.53671875 0.61875 0.0359375 0.0875
3 0.678125 0.63046875 0.0328125 0.0875