0 0.0171875 0.62109375 0.034375 0.1546875
0 0.25234375 0.721875 0.0640625 0.171875
2 0.40234375 0.68125 0.0515625 0.1328125
0 0.4734375 0.80703125 0.0671875 0.15625
0 0.740625 0.83671875 0.0625 0.1390625
2 0.4546875 0.47265625 0.040625 0.1078125
0 0.5234375 0.51171875 0.0515625 0.11875
2 0.615625 0.5703125 0.05625 0.1296875
2 0.6046875 0.36015625 0.046875 0.1203125
0 0.38046875 0.25234375 0.0421875 0.103125
2 0.8171875 0.46015625 0.0484375 0.109375
2 0.9359375 0.59375 0.053125 0.1359375
2 0.89140625 0.95546875 0.0703125 0.0890625
1 0.434375 0.2875 0.0203125 0.0328125
3 0.65625 0.50390625 0.0484375 0.1265625