2 0.421875 0.43359375 0.05 0.10625
0 0.4984375 0.4125 0.0515625 0.11875
0 0.83125 0.51953125 0.0546875 0.1171875
0 0.74453125 0.66875 0.05625 0.1015625
2 0.5578125 0.83046875 0.0515625 0.0984375
2 0.33203125 0.67109375 0.0484375 0.09375
0 0.22890625 0.6078125 0.0453125 0.0828125
0 0.69765625 0.790625 0.04375 0.0953125
0 0.2203125 0.359375 0.0609375 0.125
0 0.66640625 0.2484375 0.0828125 0.1359375
2 0.6515625 0.13359375 0.071875 0.1375
0 0.18828125 0.14765625 0.084375 0.146875
2 0.10703125 0.7359375 0.0375 0.0796875
1 0.446875 0.4109375 0.0171875 0.028125
3 0.371875 0.44765625 0.065625 0.13125