0 0.54140625 0.34921875 0.04375 0.109375
0 0.75390625 0.36171875 0.04375 0.1203125
2 0.7421875 0.22421875 0.04375 0.1171875
2 0.57109375 0.3015625 0.0390625 0.1171875
2 0.4765625 0.1703125 0.0359375 0.109375
2 0.3921875 0.5609375 0.059375 0.1125
2 0.578125 0.66796875 0.046875 0.121875
0 0.528125 0.68515625 0.046875 0.1140625
1 0.49296875 0.67734375 0.0234375 0.0390625
2 0.53125 0.06328125 0.0375 0.0953125
0 0.51015625 0.06796875 0.025 0.0875
2 0.2546875 0.375 0.05 0.134375
3 0.028125 0.36953125 0.046875 0.1203125