2 0.04765625 0.671875 0.040625 0.0609375
2 0.184375 0.47421875 0.03359375 0.0671875
0 0.2515625 0.4015625 0.02421875 0.0609375
0 0.271875 0.2484375 0.028125 0.06796875
0 0.421875 0.13046875 0.02421875 0.06328125
2 0.46875 0.20234375 0.02734375 0.0625
2 0.48828125 0.10234375 0.0171875 0.059375
0 0.515625 0.1765625 0.02109375 0.0578125
2 0.59921875 0.26015625 0.0203125 0.06640625
0 0.62265625 0.16796875 0.02109375 0.06015625
0 0.675 0.46796875 0.028125 0.08203125
0 0.771875 0.2625 0.02734375 0.07265625
2 0.83046875 0.346875 0.0328125 0.08671875
3 0.57421875 0.33359375 0.021875 0.0859375