2 0.703125 0.30625 0.0328125 0.096875
0 0.65546875 0.23203125 0.0390625 0.0796875
0 0.79609375 0.36171875 0.0375 0.0953125
2 0.7609375 0.46875 0.04375 0.1078125
2 0.64453125 0.6859375 0.0390625 0.134375
0 0.578125 0.83515625 0.0546875 0.134375
0 0.50625 0.35390625 0.0296875 0.1
2 0.50859375 0.13515625 0.025 0.0875
0 0.35703125 0.20703125 0.028125 0.071875
2 0.15 0.259375 0.0265625 0.0921875
0 0.29609375 0.61484375 0.028125 0.11875
2 0.25 0.6546875 0.028125 0.14375
2 0.5375 0.8125 0.0421875 0.1375
1 0.64140625 0.40859375 0.01875 0.04375
0 0.52109375 0.73046875 0.03125 0.1359375
3 0.53515625 0.459375 0.0484375 0.13125