0 0.07578125 0.59609375 0.02890625 0.12109375
2 0.16796875 0.571875 0.0234375 0.103125
2 0.153125 0.4875 0.01875 0.08515625
0 0.33046875 0.3609375 0.0203125 0.07890625
2 0.34140625 0.446875 0.015625 0.09375
0 0.38828125 0.42421875 0.0296875 0.0796875
2 0.49609375 0.40390625 0.01484375 0.0859375
2 0.55234375 0.4953125 0.0203125 0.06953125
0 0.4765625 0.55234375 0.0234375 0.0828125
0 0.496875 0.69609375 0.0203125 0.11171875
2 0.63984375 0.671875 0.028125 0.11171875
2 0.721875 0.45625 0.0171875 0.065625
2 0.74921875 0.525 0.021875 0.0796875
0 0.80390625 0.50625 0.02109375 0.0859375
2 0.70234375 0.3625 0.0265625 0.0609375
0 0.61015625 0.31875 0.021875 0.06640625
1 0.60859375 0.453125 0.009375 0.02265625
3 0.48046875 0.8296875 0.02734375 0.12109375
3 0.45390625 0.27734375 0.0203125 0.07109375
3 0.5921875 0.45625 0.021875 0.078125