2 0.621875 0.6 0.0296875 0.078125
0 0.6671875 0.546875 0.021875 0.0671875
2 0.76328125 0.49609375 0.0234375 0.0734375
2 0.71796875 0.428125 0.0203125 0.0609375
0 0.8171875 0.4375 0.0203125 0.0515625
0 0.590625 0.45078125 0.025 0.0609375
2 0.52734375 0.53046875 0.021875 0.059375
0 0.503125 0.409375 0.01875 0.05
2 0.31484375 0.48359375 0.0265625 0.0625
2 0.284375 0.43671875 0.021875 0.06875
2 0.30390625 0.57265625 0.0203125 0.0671875
0 0.2515625 0.4796875 0.0140625 0.0578125
0 0.2328125 0.57734375 0.0234375 0.071875
2 0.1296875 0.4859375 0.0203125 0.0609375
1 0.29453125 0.69609375 0.015625 0.0390625
3 0.3859375 0.559375 0.028125 0.0703125