2 0.78203125 0.3109375 0.0609375 0.1328125
2 0.65546875 0.6109375 0.040625 0.1
0 0.5921875 0.621875 0.0421875 0.1078125
2 0.50234375 0.7515625 0.0328125 0.0859375
0 0.41875 0.73359375 0.0359375 0.1046875
2 0.40625 0.82890625 0.03125 0.0859375
0 0.2984375 0.8359375 0.03125 0.0859375
2 0.18828125 0.69921875 0.040625 0.0984375
0 0.0484375 0.73359375 0.0359375 0.0859375
0 0.04375 0.54140625 0.0484375 0.11875
2 0.35546875 0.3765625 0.046875 0.115625
0 0.13203125 0.2 0.059375 0.1328125
0 0.5984375 0.25390625 0.0546875 0.1296875
1 0.27109375 0.6375 0.0171875 0.0359375
3 0.78203125 0.63125 0.0453125 0.128125