0 0.9109375 0.64140625 0.034375 0.1125
2 0.853125 0.51328125 0.028125 0.090625
2 0.828125 0.60859375 0.0328125 0.1078125
0 0.67890625 0.3671875 0.0234375 0.065625
2 0.57421875 0.403125 0.0296875 0.078125
2 0.60703125 0.44140625 0.0359375 0.0796875
0 0.63671875 0.4390625 0.0203125 0.0828125
2 0.490625 0.50703125 0.0234375 0.06875
0 0.4671875 0.43203125 0.021875 0.0671875
0 0.46953125 0.5578125 0.03125 0.0734375
0 0.49921875 0.7 0.0328125 0.1109375
2 0.3390625 0.6546875 0.0296875 0.109375
2 0.33671875 0.34375 0.021875 0.0640625
0 0.29609375 0.35390625 0.0203125 0.0609375
2 0.25859375 0.359375 0.025 0.065625
2 0.259375 0.44296875 0.034375 0.08125
2 0.2625 0.5125 0.0234375 0.0796875
0 0.17421875 0.48515625 0.0265625 0.096875
1 0.5140625 0.45234375 0.01875 0.0359375
3 0.40546875 0.42734375 0.0375 0.084375
3 0.55703125 0.28828125 0.025 0.06875
3 0.47890625 0.82890625 0.04375 0.125