2 0.90625 0.61953125 0.034375 0.1015625
2 0.68828125 0.64453125 0.040625 0.0921875
2 0.57578125 0.78828125 0.0296875 0.075
0 0.51328125 0.68203125 0.040625 0.0890625
2 0.46640625 0.5140625 0.053125 0.103125
0 0.61484375 0.4265625 0.0375 0.1109375
0 0.53359375 0.325 0.0515625 0.125
0 0.44375 0.36796875 0.0421875 0.125
2 0.409375 0.3796875 0.0390625 0.11875
2 0.37578125 0.259375 0.046875 0.1203125
2 0.28515625 0.62578125 0.0390625 0.0859375
0 0.30078125 0.49140625 0.034375 0.109375
2 0.25859375 0.41328125 0.040625 0.115625
1 0.4890625 0.41640625 0.021875 0.0421875
3 0.62109375 0.5625 0.04375 0.1125