2 0.7890625 0.61640625 0.0328125 0.1328125
2 0.48359375 0.51171875 0.05 0.090625
0 0.3296875 0.4953125 0.065625 0.1046875
2 0.25234375 0.31015625 0.0375 0.0890625
0 0.3734375 0.38203125 0.046875 0.1
2 0.04453125 0.4046875 0.03125 0.11875
2 0.34296875 0.24765625 0.03125 0.0828125
0 0.41875 0.25625 0.034375 0.096875
0 0.51875 0.25 0.0421875 0.08125
0 0.61953125 0.3140625 0.034375 0.0953125
2 0.675 0.3265625 0.03125 0.0921875
0 0.67109375 0.421875 0.0359375 0.0953125
2 0.7859375 0.24140625 0.0265625 0.0828125
0 0.81171875 0.27578125 0.028125 0.084375
2 0.7859375 0.35234375 0.03125 0.0984375
0 0.83046875 0.3921875 0.0296875 0.1015625
0 0.878125 0.571875 0.034375 0.125