2 0.503125 0.49453125 0.04375 0.1203125
2 0.4078125 0.50390625 0.0328125 0.121875
0 0.45859375 0.53984375 0.0375 0.115625
0 0.4296875 0.61875 0.0265625 0.1203125
0 0.6 0.76015625 0.0359375 0.1296875
2 0.71171875 0.68359375 0.0390625 0.134375
0 0.703125 0.54296875 0.03125 0.1140625
2 0.6140625 0.30390625 0.028125 0.096875
2 0.67265625 0.36875 0.025 0.0921875
2 0.7140625 0.240625 0.034375 0.0890625
0 0.78828125 0.26640625 0.0265625 0.0953125
0 0.7640625 0.8515625 0.034375 0.1421875
2 0.96640625 0.61328125 0.05 0.1578125
2 0.92109375 0.74140625 0.0546875 0.1484375