2 0.24765625 0.37265625 0.05625 0.121875
2 0.346875 0.3828125 0.0484375 0.109375
0 0.0484375 0.53515625 0.0625 0.13125
2 0.5234375 0.415625 0.0453125 0.10625
2 0.5625 0.46015625 0.0484375 0.1078125
0 0.63515625 0.434375 0.0453125 0.1046875
0 0.6734375 0.37265625 0.0546875 0.1140625
2 0.73984375 0.4046875 0.0546875 0.1171875
2 0.8453125 0.46796875 0.0609375 0.1140625
0 0.9234375 0.55 0.0796875 0.13125
0 0.34375 0.28359375 0.05625 0.1046875
1 0.12578125 0.45234375 0.01875 0.025
3 0.30234375 0.3296875 0.0453125 0.0953125