2 0.96640625 0.5140625 0.0328125 0.0921875
0 0.8203125 0.446875 0.03125 0.078125
0 0.74296875 0.56328125 0.0375 0.08125
2 0.690625 0.4109375 0.03125 0.071875
0 0.6859375 0.72890625 0.0375 0.1140625
2 0.56015625 0.66640625 0.0453125 0.103125
0 0.4203125 0.49765625 0.0359375 0.0890625
2 0.4859375 0.365625 0.0234375 0.090625
2 0.39375 0.46015625 0.0359375 0.071875
0 0.38046875 0.37421875 0.0328125 0.0640625
1 0.29375 0.428125 0.0171875 0.0296875
0 0.928125 0.40390625 0.0328125 0.078125
3 0.66640625 0.88671875 0.0578125 0.121875
3 0.84140625 0.29609375 0.0265625 0.0640625