2 0.665625 0.409375 0.059375 0.115625
2 0.80546875 0.6453125 0.0421875 0.1
0 0.6890625 0.61328125 0.0390625 0.1015625
2 0.73984375 0.7328125 0.0328125 0.0875
0 0.66171875 0.72890625 0.040625 0.096875
0 0.5703125 0.4296875 0.046875 0.115625
0 0.571875 0.765625 0.0390625 0.1
0 0.475 0.72421875 0.0375 0.1046875
0 0.37421875 0.64765625 0.0359375 0.09375
2 0.384375 0.72265625 0.0390625 0.0890625
2 0.31171875 0.6984375 0.0375 0.103125
2 0.3078125 0.809375 0.0328125 0.090625
0 0.2671875 0.79375 0.0359375 0.0953125
0 0.228125 0.67734375 0.034375 0.1125
2 0.19453125 0.44375 0.0390625 0.1265625
0 0.0984375 0.528125 0.0546875 0.1390625
1 0.63515625 0.4859375 0.021875 0.04375
3 0.29453125 0.6015625 0.0421875 0.115625
3 0.9390625 0.72890625 0.0421875 0.0984375