1 0.27734375 0.3953125 0.0140625 0.025
2 0.25234375 0.4265625 0.0390625 0.1140625
0 0.30625 0.60390625 0.0359375 0.10625
2 0.32265625 0.7125 0.03125 0.1015625
0 0.55234375 0.534375 0.03125 0.1
2 0.64140625 0.51796875 0.0328125 0.103125
2 0.975 0.63515625 0.034375 0.10625
2 0.78671875 0.71328125 0.0265625 0.08125
0 0.8875 0.68046875 0.034375 0.0984375
2 0.05703125 0.575 0.0296875 0.109375
0 0.4328125 0.35546875 0.04375 0.1265625
2 0.53125 0.61171875 0.0265625 0.0890625
2 0.8953125 0.8328125 0.0234375 0.078125
0 0.76875 0.496875 0.025 0.1015625
3 0.78984375 0.53828125 0.0234375 0.1203125