0 0.8796875 0.34453125 0.0546875 0.128125
2 0.72421875 0.321875 0.0578125 0.11875
0 0.5796875 0.34375 0.0359375 0.0921875
0 0.60234375 0.6453125 0.0703125 0.1390625
2 0.54140625 0.39765625 0.046875 0.1
2 0.47890625 0.2609375 0.0546875 0.1
0 0.3171875 0.33515625 0.0515625 0.0953125
0 0.21640625 0.54453125 0.06875 0.1125
2 0.15859375 0.9171875 0.0671875 0.1390625
0 0.25703125 0.97265625 0.0609375 0.0546875
2 0.45859375 0.496875 0.05 0.103125
1 0.18203125 0.43203125 0.01875 0.028125
0 0.815625 0.14609375 0.0453125 0.1
3 0.50234375 0.459375 0.0671875 0.1375