2 0.103125 0.540625 0.040625 0.0953125
0 0.1375 0.35078125 0.0453125 0.1046875
2 0.23671875 0.3984375 0.0390625 0.1015625
0 0.209375 0.65546875 0.040625 0.08125
0 0.32734375 0.50390625 0.040625 0.0859375
2 0.375 0.55234375 0.040625 0.096875
0 0.1328125 0.7484375 0.0328125 0.0734375
2 0.41640625 0.23671875 0.0484375 0.1078125
0 0.56328125 0.590625 0.040625 0.0953125
2 0.62890625 0.7125 0.0375 0.090625
0 0.75078125 0.71484375 0.0453125 0.103125
2 0.884375 0.39609375 0.046875 0.1171875
1 0.84609375 0.371875 0.0234375 0.034375
3 0.2546875 0.51015625 0.05 0.1046875