2 0.8203125 0.51796875 0.046875 0.1296875
0 0.784375 0.63828125 0.040625 0.1203125
2 0.8078125 0.77109375 0.0375 0.0921875
2 0.54375 0.6578125 0.0515625 0.0984375
2 0.62421875 0.903125 0.0359375 0.0796875
0 0.47734375 0.85234375 0.0328125 0.075
2 0.24609375 0.5359375 0.0453125 0.1171875
2 0.303125 0.33984375 0.0421875 0.125
0 0.3828125 0.32109375 0.0578125 0.1328125
0 0.10390625 0.5203125 0.0546875 0.115625
2 0.0421875 0.76875 0.0328125 0.09375
0 0.21875 0.93515625 0.025 0.0859375
1 0.5109375 0.27265625 0.028125 0.040625
3 0.3671875 0.5859375 0.05625 0.1171875