0 0.259375 0.72265625 0.040625 0.16875
2 0.4453125 0.38046875 0.04296875 0.08828125
0 0.50390625 0.3390625 0.04140625 0.09765625
0 0.5609375 0.4625 0.03125 0.1265625
2 0.53515625 0.73046875 0.0359375 0.14921875
2 0.65390625 0.490625 0.0265625 0.12265625
2 0.83046875 0.3453125 0.02578125 0.103125
0 0.81015625 0.82734375 0.03984375 0.14296875
0 0.39921875 0.21484375 0.02265625 0.0703125
2 0.50078125 0.25703125 0.0234375 0.09453125
0 0.690625 0.93828125 0.03203125 0.1234375
3 0.703125 0.4609375 0.03359375 0.14296875