0 0.1140625 0.37109375 0.05625 0.115625
2 0.240625 0.43359375 0.05 0.1078125
2 0.2265625 0.52890625 0.0484375 0.090625
2 0.440625 0.31328125 0.059375 0.1328125
0 0.2859375 0.52890625 0.05 0.0953125
0 0.3546875 0.48046875 0.0546875 0.1109375
2 0.3875 0.52890625 0.034375 0.078125
0 0.40859375 0.5359375 0.053125 0.0890625
0 0.47578125 0.52109375 0.0546875 0.090625
0 0.55546875 0.44296875 0.053125 0.109375
0 0.80703125 0.4390625 0.053125 0.109375
2 0.9046875 0.38984375 0.0671875 0.140625
3 0.17265625 0.39375 0.0546875 0.125