2 0.109375 0.4234375 0.03125 0.1203125
0 0.3390625 0.3234375 0.0328125 0.090625
2 0.37734375 0.33671875 0.0171875 0.090625
0 0.4359375 0.32890625 0.034375 0.0828125
0 0.55546875 0.44375 0.03125 0.1015625
2 0.59296875 0.4609375 0.025 0.1125
0 0.6140625 0.33203125 0.03125 0.103125
2 0.52421875 0.25546875 0.0265625 0.0828125
2 0.74765625 0.50625 0.0296875 0.1203125
0 0.82265625 0.4375 0.0296875 0.1109375
2 0.73828125 0.77890625 0.0296875 0.13125
2 0.79375 0.61484375 0.0234375 0.1203125
0 0.77109375 0.6609375 0.028125 0.128125
0 0.89375 0.56875 0.0265625 0.1421875
1 0.40078125 0.34140625 0.0125 0.028125