2 0.503125 0.49453125 0.03984375 0.11875
2 0.4078125 0.50703125 0.02890625 0.1203125
0 0.46015625 0.54140625 0.0328125 0.1140625
0 0.43359375 0.62109375 0.02265625 0.1203125
0 0.609375 0.75625 0.03125 0.12890625
2 0.71796875 0.67578125 0.03515625 0.1328125
0 0.7046875 0.5359375 0.02734375 0.11328125
2 0.60703125 0.3 0.02421875 0.0953125
2 0.66796875 0.3625 0.021875 0.0921875
2 0.7046875 0.23359375 0.03203125 0.08828125
0 0.7796875 0.25625 0.0234375 0.09453125
0 0.7765625 0.8421875 0.0296875 0.140625
2 0.9703125 0.596875 0.04453125 0.15625
2 0.92890625 0.7265625 0.05 0.146875