2 0.9734375 0.440625 0.0296875 0.1234375
2 0.89609375 0.3515625 0.0328125 0.0984375
0 0.8171875 0.28359375 0.028125 0.09375
2 0.7875 0.4625 0.040625 0.09375
0 0.82265625 0.4234375 0.025 0.0953125
0 0.6234375 0.46171875 0.028125 0.10625
0 0.58359375 0.4296875 0.028125 0.0875
2 0.32734375 0.5609375 0.0328125 0.10625
2 0.45390625 0.37578125 0.04375 0.0921875
2 0.55625 0.378125 0.0296875 0.1046875
0 0.375 0.81171875 0.0390625 0.1375
2 0.471875 0.4453125 0.0453125 0.084375
3 0.78125 0.37578125 0.025 0.078125