0 0.9828125 0.53125 0.034375 0.1125
2 0.89609375 0.5125 0.0359375 0.1
2 0.89921875 0.425 0.03125 0.0921875
0 0.87578125 0.41640625 0.0328125 0.096875
2 0.7234375 0.42578125 0.0296875 0.0859375
0 0.6921875 0.33125 0.0234375 0.078125
0 0.62734375 0.40078125 0.025 0.078125
0 0.5796875 0.53671875 0.0390625 0.1
2 0.509375 0.39765625 0.0328125 0.0875
2 0.459375 0.496875 0.034375 0.0765625
0 0.56171875 0.7015625 0.0390625 0.128125
2 0.42265625 0.69140625 0.0359375 0.1359375
0 0.4203125 0.33046875 0.0265625 0.0609375
0 0.40234375 0.4453125 0.04375 0.06875
2 0.3390625 0.4625 0.028125 0.078125
2 0.28671875 0.53203125 0.03125 0.0890625
0 0.23984375 0.53046875 0.03125 0.0953125
2 0.303125 0.384375 0.0234375 0.0734375
3 0.603125 0.840625 0.05 0.1375
3 0.5640625 0.26875 0.034375 0.0703125