0 0.08984375 0.5046875 0.05625 0.128125
2 0.22421875 0.4234375 0.059375 0.11875
0 0.365625 0.3875 0.0375 0.0921875
0 0.4625 0.67421875 0.0734375 0.1390625
2 0.421875 0.42265625 0.0484375 0.1
2 0.42578125 0.27109375 0.05625 0.1015625
0 0.603125 0.2765625 0.053125 0.0953125
0 0.778125 0.43046875 0.0703125 0.1140625
2 0.97109375 0.75078125 0.0578125 0.1390625
0 0.91953125 0.86796875 0.0625 0.1125
2 0.53671875 0.48125 0.0515625 0.103125
1 0.76640625 0.31328125 0.0203125 0.028125
0 0.07109375 0.296875 0.046875 0.1
3 0.48203125 0.4640625 0.06875 0.1375