2 0.87578125 0.3625 0.053125 0.1046875
2 0.9796875 0.51875 0.040625 0.1
2 0.73046875 0.24921875 0.05 0.1015625
2 0.7546875 0.50078125 0.0484375 0.1046875
2 0.721875 0.665625 0.0390625 0.0796875
2 0.70703125 0.5828125 0.0359375 0.0828125
0 0.5546875 0.63671875 0.0375 0.08125
2 0.5234375 0.38984375 0.04375 0.1046875
0 0.496875 0.41328125 0.0484375 0.10625
0 0.33203125 0.52265625 0.0390625 0.09375
0 0.49609375 0.6484375 0.0375 0.0890625
0 0.31171875 0.62265625 0.0375 0.0828125
0 0.24765625 0.53828125 0.04375 0.10625
0 0.23359375 0.71484375 0.0359375 0.0921875
0 0.209375 0.7125 0.0375 0.096875
0 0.0890625 0.60390625 0.0390625 0.0921875
0 0.09453125 0.38671875 0.0484375 0.1125
3 0.6453125 0.59765625 0.040625 0.1