0 0.06171875 0.4453125 0.059375 0.1359375
2 0.125 0.50390625 0.046875 0.125
2 0.37109375 0.4046875 0.040625 0.1046875
2 0.284375 0.71328125 0.053125 0.1375
0 0.18984375 0.775 0.0609375 0.1625
0 0.215625 0.24140625 0.0359375 0.0921875
2 0.46015625 0.3328125 0.046875 0.096875
2 0.6828125 0.2625 0.046875 0.084375
0 0.61328125 0.40390625 0.0328125 0.0890625
0 0.75 0.30234375 0.04375 0.084375
2 0.8234375 0.3265625 0.0359375 0.0765625
2 0.6859375 0.534375 0.0453125 0.103125
0 0.7109375 0.66328125 0.0515625 0.1265625
2 0.89921875 0.46171875 0.040625 0.1046875
0 0.559375 0.1828125 0.028125 0.071875
1 0.6265625 0.42265625 0.015625 0.025
3 0.6984375 0.421875 0.0609375 0.134375
3 0.2890625 0.09765625 0.0359375 0.0828125