2 0.346875 0.63515625 0.0453125 0.1265625
2 0.0921875 0.38359375 0.0421875 0.1171875
2 0.46875 0.45 0.046875 0.1203125
0 0.6171875 0.828125 0.0640625 0.15
0 0.59921875 0.484375 0.053125 0.1359375
0 0.4859375 0.31640625 0.0453125 0.1078125
2 0.34375 0.30859375 0.0390625 0.1046875
0 0.7875 0.384375 0.0375 0.1265625
2 0.15625 0.26796875 0.034375 0.096875
2 0.9390625 0.5578125 0.040625 0.1296875
1 0.4640625 0.2453125 0.0125 0.0265625
3 0.32109375 0.49296875 0.0484375 0.14375
3 0.2140625 0.17734375 0.0375 0.1