2 0.0578125 0.51796875 0.021875 0.090625
0 0.08828125 0.54140625 0.025 0.090625
2 0.06796875 0.43515625 0.0203125 0.1
0 0.26484375 0.6390625 0.021875 0.0796875
0 0.3453125 0.5875 0.0234375 0.0859375
2 0.23515625 0.5484375 0.0171875 0.0828125
0 0.4 0.45390625 0.0328125 0.1015625
0 0.4375 0.28984375 0.0296875 0.10625
2 0.57109375 0.315625 0.03125 0.11875
2 0.46640625 0.5953125 0.01875 0.0703125
2 0.53125 0.509375 0.0265625 0.0625
2 0.69609375 0.4890625 0.0296875 0.0734375
0 0.73359375 0.49609375 0.025 0.1
2 0.67109375 0.63203125 0.0203125 0.065625
0 0.71796875 0.603125 0.021875 0.059375
0 0.52890625 0.68125 0.01875 0.0625
3 0.4171875 0.153125 0.034375 0.1375