2 0.190625 0.41640625 0.0640625 0.134375
0 0.25 0.30546875 0.05625 0.1234375
2 0.2546875 0.1703125 0.05 0.0953125
2 0.48984375 0.33671875 0.0640625 0.103125
2 0.4625 0.0796875 0.046875 0.0828125
0 0.5953125 0.16015625 0.0421875 0.078125
2 0.75546875 0.5171875 0.059375 0.1203125
2 0.659375 0.69765625 0.059375 0.128125
0 0.57734375 0.69921875 0.075 0.1375
0 0.8921875 0.5625 0.06875 0.1203125
2 0.990625 0.3328125 0.01875 0.096875
0 0.865625 0.1328125 0.0359375 0.0875
1 0.4421875 0.71953125 0.0328125 0.04375
3 0.64765625 0.44375 0.071875 0.121875