0 0.69296875 0.16328125 0.053125 0.153125
2 0.65234375 0.38828125 0.04375 0.1265625
0 0.7015625 0.4765625 0.0390625 0.1171875
0 0.83203125 0.56953125 0.040625 0.10625
2 0.78828125 0.55546875 0.0328125 0.1109375
2 0.58671875 0.48515625 0.05625 0.10625
2 0.71875 0.65390625 0.03125 0.096875
0 0.58125 0.625 0.0359375 0.103125
0 0.75859375 0.74609375 0.0328125 0.09375
2 0.609375 0.75546875 0.0359375 0.0953125
2 0.521875 0.64375 0.0390625 0.084375
2 0.3296875 0.546875 0.0375 0.115625
2 0.06875 0.36953125 0.0390625 0.1265625
0 0.4203125 0.56484375 0.040625 0.1109375
1 0.73515625 0.46015625 0.0171875 0.0328125
3 0.6390625 0.5703125 0.0484375 0.10625