0 0.52890625 0.4671875 0.040625 0.1109375
2 0.4375 0.6265625 0.040625 0.1140625
2 0.37421875 0.77421875 0.025 0.1046875
0 0.25859375 0.76953125 0.028125 0.0859375
0 0.06640625 0.7046875 0.0296875 0.1109375
2 0.5328125 0.75859375 0.01875 0.0765625
2 0.40703125 0.7390625 0.01875 0.09375
2 0.5875 0.54296875 0.0421875 0.096875
0 0.52109375 0.62578125 0.0328125 0.1078125
2 0.47578125 0.6703125 0.03125 0.1046875
2 0.58203125 0.68359375 0.0234375 0.096875
1 0.24296875 0.72890625 0.0125 0.01875
3 0.44296875 0.78046875 0.0265625 0.0859375
3 0.6171875 0.13203125 0.065625 0.171875