2 0.58515625 0.49765625 0.025 0.125
0 0.7203125 0.47734375 0.0203125 0.11875
2 0.82734375 0.4796875 0.028125 0.128125
2 0.86640625 0.553125 0.03125 0.1203125
0 0.15859375 0.3015625 0.0265625 0.10546875
2 0.38984375 0.3515625 0.02578125 0.08125
0 0.43828125 0.35859375 0.0265625 0.109375
2 0.5171875 0.28515625 0.03046875 0.08359375
2 0.37734375 0.278125 0.02109375 0.10234375
0 0.4796875 0.23984375 0.02890625 0.103125
1 0.13828125 0.3484375 0.01640625 0.0296875
0 0.0265625 0.42890625 0.0390625 0.14609375
3 0.35390625 0.2734375 0.021875 0.1171875
0 0.940625 0.775 0.0453125 0.15625