0 0.7046875 0.30625 0.04375 0.08125
2 0.60234375 0.30703125 0.0390625 0.078125
2 0.61640625 0.4203125 0.0515625 0.09375
0 0.54765625 0.50390625 0.0484375 0.0953125
2 0.50234375 0.578125 0.0671875 0.1125
2 0.4328125 0.47578125 0.053125 0.08125
0 0.4296875 0.37109375 0.0390625 0.0734375
0 0.30390625 0.66484375 0.04375 0.096875
2 0.171875 0.64609375 0.04375 0.0859375
2 0.125 0.5796875 0.046875 0.096875
0 0.2171875 0.34296875 0.0296875 0.065625
1 0.3375 0.69375 0.01875 0.0265625
3 0.2671875 0.5453125 0.0625 0.109375