2 0.98203125 0.328125 0.0359375 0.159375
2 0.93125 0.715625 0.034375 0.1234375
2 0.625 0.6359375 0.046875 0.13125
2 0.52890625 0.7265625 0.0453125 0.1109375
0 0.43984375 0.6515625 0.0359375 0.1203125
0 0.17734375 0.69765625 0.0359375 0.121875
2 0.16484375 0.465625 0.0375 0.1484375
0 0.12421875 0.453125 0.046875 0.1484375
2 0.57265625 0.55390625 0.04375 0.1296875
0 0.90078125 0.7109375 0.034375 0.1171875
0 0.82109375 0.07578125 0.0375 0.1203125
1 0.42421875 0.58515625 0.0140625 0.034375
3 0.88359375 0.50703125 0.0453125 0.146875