0 0.890625 0.62421875 0.0640625 0.134375
2 0.7890625 0.675 0.0671875 0.1265625
0 0.78359375 0.340625 0.0609375 0.1109375
2 0.6828125 0.3546875 0.04375 0.084375
0 0.6171875 0.46484375 0.0640625 0.1203125
0 0.571875 0.92734375 0.06875 0.1453125
2 0.45234375 0.3546875 0.046875 0.0953125
0 0.41953125 0.32578125 0.05 0.0984375
2 0.35859375 0.17421875 0.040625 0.1
0 0.31171875 0.196875 0.0390625 0.090625
2 0.20703125 0.1765625 0.040625 0.090625
2 0.2234375 0.490625 0.0515625 0.1234375
1 0.7203125 0.415625 0.0203125 0.0359375
3 0.221875 0.31328125 0.0671875 0.134375