2 0.06484375 0.54921875 0.0390625 0.1015625
2 0.096875 0.565625 0.0390625 0.1015625
0 0.2375 0.67421875 0.034375 0.08125
2 0.15390625 0.78046875 0.0328125 0.075
0 0.3890625 0.4921875 0.040625 0.1046875
0 0.359375 0.365625 0.04375 0.128125
2 0.38046875 0.3921875 0.0390625 0.1015625
2 0.51875 0.153125 0.0640625 0.146875
0 0.62734375 0.57421875 0.046875 0.1140625
2 0.62578125 0.72265625 0.0390625 0.10625
0 0.72109375 0.3421875 0.0640625 0.128125
2 0.84375 0.38125 0.0578125 0.1375
3 0.1859375 0.46875 0.0515625 0.1125