0 0.1859375 0.46171875 0.03359375 0.13359375
0 0.2328125 0.778125 0.03828125 0.1546875
0 0.24765625 0.2921875 0.028125 0.0921875
2 0.5703125 0.53515625 0.028125 0.15234375
2 0.30625 0.690625 0.03359375 0.178125
2 0.37734375 0.3484375 0.02890625 0.13203125
2 0.5046875 0.26015625 0.02734375 0.09921875
2 0.46875 0.31171875 0.028125 0.11015625
2 0.628125 0.35703125 0.0265625 0.11484375
2 0.84375 0.5328125 0.0390625 0.13203125
2 0.93828125 0.6828125 0.03203125 0.14609375
0 0.70078125 0.6046875 0.03125 0.13359375
0 0.35390625 0.23671875 0.025 0.0921875
3 0.4859375 0.4265625 0.025 0.121875
0 0.40546875 0.3234375 0.02421875 0.10625