2 0.04453125 0.39375 0.02109375 0.09921875
2 0.1125 0.5640625 0.0234375 0.10625
2 0.228125 0.70234375 0.03046875 0.10703125
2 0.25703125 0.45625 0.02421875 0.09453125
2 0.31875 0.39453125 0.021875 0.06875
2 0.32578125 0.309375 0.02265625 0.06015625
0 0.45703125 0.38828125 0.01640625 0.078125
2 0.44140625 0.6109375 0.01640625 0.0890625
0 0.4640625 0.609375 0.02109375 0.1046875
0 0.5390625 0.36953125 0.01640625 0.07578125
0 0.684375 0.51796875 0.0171875 0.09453125
0 0.7203125 0.446875 0.0171875 0.084375
0 0.746875 0.528125 0.021875 0.0953125
0 0.91171875 0.49765625 0.015625 0.090625
0 0.86015625 0.70703125 0.0328125 0.0921875
3 0.3703125 0.3921875 0.0234375 0.0890625