2 0.21328125 0.69140625 0.046875 0.14765625
2 0.215625 0.3390625 0.025 0.11875
0 0.37421875 0.3765625 0.03359375 0.11015625
0 0.603125 0.653125 0.05625 0.13515625
0 0.54609375 0.29609375 0.025 0.103125
2 0.6859375 0.36328125 0.028125 0.10625
2 0.653125 0.31015625 0.02421875 0.084375
2 0.8453125 0.6359375 0.0375 0.13203125
0 0.83828125 0.36875 0.02734375 0.09453125
2 0.7640625 0.25546875 0.02734375 0.09296875
0 0.9765625 0.5453125 0.03984375 0.12890625
2 0.33125 0.253125 0.02578125 0.09375
0 0.39375 0.275 0.0328125 0.0921875
0 0.803125 0.2734375 0.0296875 0.09765625
3 0.7640625 0.4453125 0.03515625 0.1125
3 0.08671875 0.24296875 0.028125 0.0921875