2 0.44453125 0.6 0.03515625 0.10234375
0 0.38125 0.54296875 0.03203125 0.1015625
2 0.26953125 0.46484375 0.03046875 0.0734375
2 0.29140625 0.378125 0.0265625 0.0703125
0 0.1796875 0.39140625 0.02890625 0.0734375
0 0.4609375 0.40390625 0.0234375 0.0703125
2 0.52109375 0.50703125 0.03203125 0.096875
0 0.6171875 0.33984375 0.02421875 0.06875
2 0.828125 0.41640625 0.0265625 0.08984375
2 0.81015625 0.54296875 0.02734375 0.09140625
2 0.8640625 0.63125 0.0328125 0.084375
0 0.78671875 0.6484375 0.02578125 0.08828125
0 0.9015625 0.4109375 0.01875 0.071875
1 0.75 0.690625 0.0140625 0.02578125
0 0.93203125 0.54453125 0.0296875 0.0828125
3 0.6890625 0.5328125 0.03671875 0.096875