0 0.41640625 0.36796875 0.053125 0.1109375
0 0.21640625 0.4421875 0.053125 0.1203125
2 0.1875 0.30703125 0.053125 0.11875
2 0.37421875 0.33125 0.0484375 0.1171875
2 0.4265625 0.17734375 0.04375 0.1109375
2 0.6203125 0.5265625 0.06875 0.115625
2 0.47421875 0.68359375 0.05625 0.1234375
0 0.52734375 0.68515625 0.05625 0.115625
1 0.55859375 0.66796875 0.0265625 0.040625
2 0.3421875 0.09140625 0.04375 0.0953125
0 0.3640625 0.08984375 0.0328125 0.0875
2 0.6984375 0.30859375 0.0609375 0.1359375
3 0.91328125 0.2375 0.05625 0.121875