0 0.81484375 0.559375 0.034375 0.109375
0 0.81171875 0.36484375 0.0328125 0.1234375
0 0.6953125 0.71640625 0.0234375 0.103125
0 0.765625 0.22578125 0.0375 0.1515625
0 0.58828125 0.32265625 0.0328125 0.1375
2 0.5484375 0.5125 0.0296875 0.109375
2 0.5296875 0.3890625 0.0390625 0.1109375
0 0.4328125 0.5 0.025 0.109375
2 0.39609375 0.43984375 0.0328125 0.1109375
0 0.36640625 0.584375 0.0234375 0.103125
2 0.39375 0.61015625 0.025 0.1140625
0 0.17578125 0.315625 0.03125 0.1234375
2 0.22265625 0.65625 0.03125 0.103125
2 0.09140625 0.17109375 0.0390625 0.146875
1 0.790625 0.51015625 0.0140625 0.0265625
0 0.61015625 0.39375 0.04375 0.1171875
3 0.42109375 0.56171875 0.028125 0.1078125
2 0.02890625 0.57578125 0.0359375 0.1484375