2 0.5046875 0.175 0.0453125 0.1171875
2 0.5265625 0.39609375 0.0609375 0.115625
0 0.21015625 0.5671875 0.05 0.1234375
2 0.72421875 0.81015625 0.05625 0.1359375
0 0.684375 0.36796875 0.040625 0.11875
0 0.75 0.46484375 0.0453125 0.1140625
0 0.6828125 0.22890625 0.034375 0.103125
0 0.290625 0.34921875 0.040625 0.090625
2 0.246875 0.32578125 0.0390625 0.08125
0 0.17265625 0.79140625 0.0625 0.1390625
3 0.353125 0.55703125 0.0609375 0.128125
0 0.74609375 0.73984375 0.053125 0.153125
2 0.0265625 0.54375 0.053125 0.13125