2 0.23515625 0.2796875 0.0625 0.1515625
2 0.2 0.63046875 0.0375 0.1203125
0 0.36171875 0.609375 0.0453125 0.1125
0 0.61875 0.35859375 0.0703125 0.140625
0 0.52421875 0.7078125 0.0359375 0.1046875
2 0.6703125 0.65546875 0.0390625 0.109375
2 0.6328125 0.7046875 0.0328125 0.0859375
2 0.8578125 0.40078125 0.0515625 0.1359375
0 0.82265625 0.665625 0.0375 0.096875
2 0.73671875 0.77109375 0.0375 0.0953125
0 0.97578125 0.50390625 0.0484375 0.1328125
2 0.30625 0.728125 0.0359375 0.0953125
0 0.37109375 0.7125 0.0421875 0.0953125
0 0.778125 0.75703125 0.0390625 0.1
3 0.75703125 0.58203125 0.046875 0.115625
3 0.0625 0.7125 0.0375 0.0953125