0 0.9671875 0.509375 0.065625 0.134375
0 0.865625 0.675 0.053125 0.084375
0 0.65703125 0.36953125 0.075 0.153125
0 0.53828125 0.31640625 0.078125 0.1625
0 0.6109375 0.5125 0.0578125 0.1171875
2 0.5875 0.6203125 0.0421875 0.0828125
2 0.58671875 0.715625 0.0265625 0.0578125
2 0.52109375 0.69453125 0.028125 0.059375
2 0.52421875 0.5421875 0.046875 0.1046875
0 0.48515625 0.52421875 0.046875 0.1
2 0.47734375 0.45625 0.046875 0.11875
2 0.425 0.46875 0.046875 0.10625
2 0.325 0.44296875 0.05625 0.1109375
2 0.37109375 0.5421875 0.0484375 0.1109375
3 0.6625 0.71796875 0.0421875 0.0765625