0 0.85546875 0.4859375 0.053125 0.11875
0 0.75546875 0.30546875 0.0484375 0.103125
2 0.61328125 0.21640625 0.046875 0.0921875
0 0.58515625 0.40546875 0.0453125 0.1046875
2 0.87890625 0.6296875 0.059375 0.1296875
0 0.44296875 0.75546875 0.0671875 0.1375
2 0.3765625 0.35546875 0.053125 0.1140625
0 0.490625 0.29453125 0.05 0.10625
2 0.40625 0.20390625 0.040625 0.09375
2 0.23125 0.246875 0.046875 0.1046875
2 0.20703125 0.44609375 0.0546875 0.128125
0 0.371875 0.44921875 0.04375 0.0984375
2 0.2328125 0.86328125 0.0875 0.171875
3 0.678125 0.578125 0.05625 0.1140625