0 0.259375 0.353125 0.028125 0.07734375
2 0.36015625 0.3328125 0.0234375 0.07421875
2 0.36953125 0.44609375 0.034375 0.08828125
0 0.45390625 0.5140625 0.0296875 0.09140625
2 0.5140625 0.5765625 0.046875 0.10546875
2 0.5609375 0.4625 0.0375 0.07578125
0 0.5421875 0.359375 0.025 0.06953125
0 0.72578125 0.6203125 0.02421875 0.09453125
2 0.8515625 0.575 0.02734375 0.08203125
2 0.88359375 0.5 0.02890625 0.09296875
0 0.74375 0.2875 0.01640625 0.0640625
1 0.69921875 0.65546875 0.01328125 0.025
3 0.7375 0.49609375 0.0421875 0.103125