2 0.93671875 0.69140625 0.05625 0.1234375
2 0.82421875 0.525 0.0484375 0.10625
2 0.90859375 0.53125 0.05625 0.1046875
2 0.7953125 0.41875 0.0453125 0.0921875
0 0.88203125 0.34453125 0.0390625 0.08125
0 0.78125 0.9234375 0.075 0.140625
0 0.67578125 0.4828125 0.0609375 0.1078125
2 0.66640625 0.4234375 0.0390625 0.08125
0 0.584375 0.5296875 0.0609375 0.0984375
2 0.5 0.47109375 0.05625 0.103125
2 0.5421875 0.390625 0.0484375 0.0828125
2 0.265625 0.59765625 0.0625 0.1171875
0 0.1765625 0.7703125 0.0734375 0.1421875
1 0.56171875 0.39453125 0.0171875 0.0296875
3 0.88125 0.4671875 0.0578125 0.115625