2 0.26328125 0.64453125 0.0375 0.1046875
2 0.37421875 0.61015625 0.034375 0.1203125
0 0.2296875 0.49375 0.0328125 0.1359375
0 0.35 0.378125 0.034375 0.128125
0 0.45625 0.53671875 0.0328125 0.1015625
0 0.48828125 0.2828125 0.034375 0.14375
2 0.71015625 0.39140625 0.0328125 0.1328125
2 0.80078125 0.5125 0.03125 0.13125
0 0.8375 0.54921875 0.028125 0.11875
2 0.5109375 0.77265625 0.0265625 0.090625
2 0.36953125 0.821875 0.0265625 0.0953125
2 0.45625 0.87109375 0.0265625 0.0890625
0 0.4890625 0.85703125 0.0234375 0.0859375
1 0.42890625 0.41328125 0.0125 0.040625
3 0.9765625 0.5640625 0.0421875 0.128125