2 0.5921875 0.5453125 0.0265625 0.103125
0 0.52265625 0.584375 0.025 0.115625
0 0.1734375 0.5609375 0.028125 0.11328125
0 0.221875 0.3953125 0.03359375 0.09609375
2 0.3640625 0.19296875 0.0296875 0.09375
2 0.621875 0.29296875 0.0265625 0.090625
0 0.73671875 0.3296875 0.02734375 0.078125
0 0.2375 0.265625 0.02265625 0.09296875
0 0.80546875 0.56875 0.03203125 0.1203125
0 0.39921875 0.784375 0.053125 0.1265625
2 0.44140625 0.8921875 0.04140625 0.13125
0 0.8875 0.76640625 0.05234375 0.13828125
2 0.82421875 0.17578125 0.01953125 0.0765625
1 0.5734375 0.5734375 0.01171875 0.0265625
3 0.63671875 0.51953125 0.03671875 0.12578125