0 0.5640625 0.25390625 0.06875 0.140625
2 0.67734375 0.4640625 0.065625 0.1390625
2 0.5625 0.51328125 0.0578125 0.1359375
0 0.69140625 0.5078125 0.040625 0.0921875
0 0.459375 0.36328125 0.0578125 0.1421875
2 0.39296875 0.32578125 0.0625 0.134375
2 0.328125 0.57890625 0.0578125 0.10625
2 0.309375 0.49140625 0.0515625 0.115625
0 0.19375 0.4078125 0.0578125 0.13125
2 0.15546875 0.62421875 0.0421875 0.1078125
2 0.1765625 0.1359375 0.075 0.1578125
0 0.00859375 0.53671875 0.0171875 0.1203125
2 0.06171875 0.3046875 0.059375 0.1375
0 0.1171875 0.03984375 0.065625 0.0796875