2 0.9390625 0.703125 0.0453125 0.0640625
2 0.81640625 0.49609375 0.0375 0.06875
0 0.7546875 0.41875 0.028125 0.0625
0 0.7453125 0.26484375 0.0328125 0.0703125
0 0.60390625 0.13671875 0.028125 0.0640625
2 0.5515625 0.20546875 0.03125 0.0640625
2 0.5390625 0.10390625 0.021875 0.0609375
0 0.50703125 0.1765625 0.025 0.059375
2 0.41796875 0.25390625 0.025 0.0671875
0 0.40078125 0.16015625 0.025 0.0609375
0 0.32734375 0.45546875 0.034375 0.084375
0 0.2453125 0.24375 0.0328125 0.075
2 0.18125 0.32421875 0.0390625 0.0890625
3 0.4375 0.32890625 0.028125 0.0875