0 0.234375 0.59375 0.04375 0.08125
2 0.328125 0.634375 0.0390625 0.078125
2 0.3609375 0.52578125 0.0515625 0.09375
0 0.4578125 0.4765625 0.0484375 0.0953125
2 0.5296875 0.428125 0.0671875 0.1125
2 0.5515625 0.54921875 0.053125 0.08125
0 0.51171875 0.64609375 0.0390625 0.0734375
0 0.74609375 0.42890625 0.04375 0.096875
2 0.859375 0.5 0.04375 0.0859375
2 0.875 0.5796875 0.046875 0.096875
0 0.69453125 0.75859375 0.0296875 0.065625
1 0.72734375 0.3890625 0.01875 0.0265625
3 0.73125 0.553125 0.0625 0.109375