2 0.4484375 0.6015625 0.0390625 0.103125
0 0.3828125 0.546875 0.0359375 0.103125
2 0.26875 0.47265625 0.0328125 0.075
2 0.2875 0.38515625 0.0296875 0.071875
0 0.17578125 0.40234375 0.03125 0.075
0 0.4578125 0.40546875 0.0265625 0.0703125
2 0.52109375 0.50625 0.0359375 0.0984375
0 0.61171875 0.3359375 0.0265625 0.0703125
2 0.825 0.4046875 0.0296875 0.090625
2 0.81171875 0.53203125 0.03125 0.0921875
2 0.86875 0.61875 0.0359375 0.0859375
0 0.79140625 0.63828125 0.028125 0.0890625
0 0.8984375 0.396875 0.021875 0.071875
1 0.75625 0.68203125 0.015625 0.0265625
0 0.93359375 0.5296875 0.0328125 0.084375
3 0.68984375 0.5265625 0.040625 0.0984375