0 0.48828125 0.75390625 0.04140625 0.13515625
2 0.33359375 0.571875 0.0390625 0.134375
2 0.4359375 0.5 0.03046875 0.13203125
0 0.3109375 0.53203125 0.021875 0.0890625
0 0.56796875 0.625 0.0296875 0.1390625
2 0.640625 0.6484375 0.0359375 0.1296875
2 0.6515625 0.38671875 0.03828125 0.10078125
2 0.68828125 0.46875 0.0296875 0.11171875
0 0.81875 0.5265625 0.0328125 0.12734375
2 0.8109375 0.30703125 0.02109375 0.10546875
2 0.8921875 0.7890625 0.04375 0.1515625
0 0.98671875 0.359375 0.0234375 0.11875
2 0.96953125 0.6 0.03203125 0.13359375
0 0.9796875 0.915625 0.03125 0.16875